0.000000000000E+00	0.000000000000E+00	0.000000000000E+00	0.000000000000E+00	0.000000000000E+00	0.000000000000E+00	0.000000000000E+00
5.000000000000E-02	0.000000000000E+00	9.751090616287E-02	1.343648332202E-01	1.482936540362E-01	1.535580061640E-01	1.555476507788E-01
1.000000000000E-01	0.000000000000E+00	1.926207701959E-01	2.654211583152E-01	2.929358261516E-01	3.033349045865E-01	3.072652021623E-01
1.500000000000E-01	0.000000000000E+00	2.829876715949E-01	3.899419336102E-01	4.303649460288E-01	4.456426909472E-01	4.514168645138E-01
2.000000000000E-01	0.000000000000E+00	3.663864773371E-01	5.048610443565E-01	5.571970526355E-01	5.769772752535E-01	5.844531454944E-01
2.500000000000E-01	0.000000000000E+00	4.407636320403E-01	6.073488006531E-01	6.703091185753E-01	6.941047641653E-01	7.030982503441E-01
3.000000000000E-01	0.000000000000E+00	5.042877233119E-01	6.948816138025E-01	7.669159493873E-01	7.941410901817E-01	8.044307428210E-01
3.500000000000E-01	0.000000000000E+00	5.553945772007E-01	7.653041354403E-01	8.446387642774E-01	8.746230269546E-01	8.859554806570E-01
4.000000000000E-01	0.000000000000E+00	5.928257733498E-01	8.168823293647E-01	9.015637695955E-01	9.335688420965E-01	9.456650542417E-01
4.500000000000E-01	0.000000000000E+00	6.156596314831E-01	8.483461692631E-01	9.362892827876E-01	9.695270940086E-01	9.820892157085E-01
5.000000000000E-01	0.000000000000E+00	6.233339062322E-01	8.589209109747E-01	9.479602464715E-01	9.816123711903E-01	9.943310813174E-01
5.500000000000E-01	0.000000000000E+00	6.156596314831E-01	8.483461692631E-01	9.362892827876E-01	9.695270940086E-01	9.820892157085E-01
6.000000000000E-01	0.000000000000E+00	5.928257733498E-01	8.168823293647E-01	9.015637695955E-01	9.335688420965E-01	9.456650542417E-01
6.500000000000E-01	0.000000000000E+00	5.553945772007E-01	7.653041354403E-01	8.446387642774E-01	8.746230269546E-01	8.859554806570E-01
7.000000000000E-01	0.000000000000E+00	5.042877233119E-01	6.948816138025E-01	7.669159493873E-01	7.941410901817E-01	8.044307428210E-01
7.500000000000E-01	0.000000000000E+00	4.407636320403E-01	6.073488006531E-01	6.703091185753E-01	6.941047641653E-01	7.030982503441E-01
8.000000000000E-01	0.000000000000E+00	3.663864773371E-01	5.048610443565E-01	5.571970526355E-01	5.769772752535E-01	5.844531454944E-01
8.500000000000E-01	0.000000000000E+00	2.829876715949E-01	3.899419336102E-01	4.303649460288E-01	4.456426909472E-01	4.514168645138E-01
9.000000000000E-01	0.000000000000E+00	1.926207701959E-01	2.654211583152E-01	2.929358261516E-01	3.033349045865E-01	3.072652021623E-01
9.500000000000E-01	0.000000000000E+00	9.751090616287E-02	1.343648332202E-01	1.482936540362E-01	1.535580061640E-01	1.555476507788E-01
1.000000000000E+00	0.000000000000E+00	0.000000000000E+00	0.000000000000E+00	0.000000000000E+00	0.000000000000E+00	0.000000000000E+00
