0.000000000000E+00	0.000000000000E+00	0.000000000000E+00	0.000000000000E+00	0.000000000000E+00	0.000000000000E+00	0.000000000000E+00
5.000000000000E-02	0.000000000000E+00	9.849869042883E-02	1.351052684493E-01	1.487099321106E-01	1.537660417867E-01	1.556451213210E-01
1.000000000000E-01	0.000000000000E+00	1.945720162009E-01	2.668837968006E-01	2.937581321526E-01	3.037458533044E-01	3.074577431985E-01
1.500000000000E-01	0.000000000000E+00	2.858543331866E-01	3.920907603382E-01	4.315730320538E-01	4.462464338390E-01	4.516997350447E-01
2.000000000000E-01	0.000000000000E+00	3.700979677931E-01	5.076431480816E-01	5.587611715969E-01	5.777589461655E-01	5.848193803086E-01
2.500000000000E-01	0.000000000000E+00	4.452285621478E-01	6.106956767483E-01	6.721907566734E-01	6.950451157654E-01	7.035388315251E-01
3.000000000000E-01	0.000000000000E+00	5.093961516735E-01	6.987108510706E-01	7.690687744473E-01	7.952169678926E-01	8.049348217979E-01
3.500000000000E-01	0.000000000000E+00	5.610207173562E-01	7.695214453513E-01	8.470097666014E-01	8.758079390966E-01	8.865106453326E-01
4.000000000000E-01	0.000000000000E+00	5.988310910565E-01	8.213838677521E-01	9.040945672376E-01	9.348336122001E-01	9.462576346190E-01
4.500000000000E-01	0.000000000000E+00	6.218962558885E-01	8.530210933121E-01	9.389175591105E-01	9.708405792363E-01	9.827046204920E-01
5.000000000000E-01	0.000000000000E+00	6.296482709453E-01	8.636541085400E-01	9.506212845893E-01	9.829422291766E-01	9.949541571989E-01
5.500000000000E-01	0.000000000000E+00	6.218962558885E-01	8.530210933121E-01	9.389175591105E-01	9.708405792363E-01	9.827046204920E-01
6.000000000000E-01	0.000000000000E+00	5.988310910565E-01	8.213838677521E-01	9.040945672376E-01	9.348336122001E-01	9.462576346190E-01
6.500000000000E-01	0.000000000000E+00	5.610207173562E-01	7.695214453513E-01	8.470097666014E-01	8.758079390966E-01	8.865106453326E-01
7.000000000000E-01	0.000000000000E+00	5.093961516735E-01	6.987108510706E-01	7.690687744473E-01	7.952169678926E-01	8.049348217979E-01
7.500000000000E-01	0.000000000000E+00	4.452285621478E-01	6.106956767483E-01	6.721907566734E-01	6.950451157654E-01	7.035388315251E-01
8.000000000000E-01	0.000000000000E+00	3.700979677931E-01	5.076431480816E-01	5.587611715969E-01	5.777589461655E-01	5.848193803086E-01
8.500000000000E-01	0.000000000000E+00	2.858543331866E-01	3.920907603382E-01	4.315730320538E-01	4.462464338390E-01	4.516997350447E-01
9.000000000000E-01	0.000000000000E+00	1.945720162009E-01	2.668837968006E-01	2.937581321526E-01	3.037458533044E-01	3.074577431985E-01
9.500000000000E-01	0.000000000000E+00	9.849869042883E-02	1.351052684493E-01	1.487099321106E-01	1.537660417867E-01	1.556451213210E-01
1.000000000000E+00	0.000000000000E+00	0.000000000000E+00	0.000000000000E+00	0.000000000000E+00	0.000000000000E+00	0.000000000000E+00
