-10.00000 inf
-9.99000 inf
-9.98000 inf
-9.97000 inf
-9.96000 inf
-9.95000 inf
-9.94000 inf
-9.93000 inf
-9.92000 inf
-9.91000 inf
-9.90000 inf
-9.89000 inf
-9.88000 inf
-9.87000 inf
-9.86000 inf
-9.85000 inf
-9.84000 inf
-9.83000 inf
-9.82000 inf
-9.81000 inf
-9.80000 inf
-9.79000 inf
-9.78000 inf
-9.77000 inf
-9.76000 inf
-9.75000 inf
-9.74000 inf
-9.73000 inf
-9.72000 inf
-9.71000 inf
-9.70000 inf
-9.69000 inf
-9.68000 inf
-9.67000 inf
-9.66000 inf
-9.65000 inf
-9.64000 inf
-9.63000 inf
-9.62000 inf
-9.61000 inf
-9.60000 inf
-9.59000 inf
-9.58000 inf
-9.57000 inf
-9.56000 inf
-9.55000 inf
-9.54000 inf
-9.53000 inf
-9.52000 inf
-9.51000 inf
-9.50000 inf
-9.49000 inf
-9.48000 inf
-9.47000 inf
-9.46000 inf
-9.45000 inf
-9.44000 inf
-9.43000 inf
-9.42000 inf
-9.41000 inf
-9.40000 inf
-9.39000 inf
-9.38000 inf
-9.37000 -3.12030077108286502818e-01
-9.36000 -3.45976878401072335370e-01
-9.35000 -3.85561338122763272234e-01
-9.34000 -4.32408161986293763842e-01
-9.33000 inf
-9.32000 inf
-9.31000 inf
-9.30000 inf
-9.29000 inf
-9.28000 inf
-9.27000 -3.10949865854225609697e-01
-9.26000 -3.44725554027089640729e-01
-9.25000 -3.84092933419097944564e-01
-9.24000 -4.30656095138281034673e-01
-9.23000 -4.86799861384802239793e-01
-9.22000 -5.56295987385266929061e-01
-9.21000 -6.45642949998179361496e-01
-9.20000 -7.67556065520895306148e-01
-9.19000 -9.52812079061878111175e-01
-9.18000 -1.31938187257121133629e+00
-9.17000 -1.69550689214979756112e+00
-9.16000 -1.03095114343266985098e+00
-9.15000 -7.66241278077436107979e-01
-9.14000 -5.93338682644092180001e-01
-9.13000 -4.62391239616179706659e-01
-9.12000 -3.55547160097766173198e-01
-9.11000 -6.42136421695670580754e-01
-9.10000 -7.62589464870947632996e-01
-9.09000 -9.44688770756965844695e-01
-9.08000 -1.29941324820850312156e+00
-9.07000 -1.75096019261874990224e+00
-9.06000 -1.04319869767835307454e+00
-9.05000 -7.73333320358513949218e-01
-9.04000 -7.81811352390071618928e-01
-9.03000 -4.66422064543927048083e-01
-9.02000 -3.58921759378339597953e-01
-9.01000 -6.38666185820917805757e-01
-9.00000 -7.57690587475827973516e-01
-8.99000 -9.36733337638461405271e-01
-8.98000 -1.28036679712284320236e+00
-8.97000 -1.81438286341837479501e+00
-8.96000 -1.05577140284779861297e+00
-8.95000 -7.80525880197789626610e-01
-8.94000 -6.03570402587462465983e-01
-8.93000 -9.67835656327805114122e-01
-8.92000 -1.35783556080410756982e+00
-8.91000 -1.61061949514566890075e+00
-8.90000 -1.00973001298727228098e+00
-8.89000 -9.28939356150131385990e-01
-8.88000 -1.26216300120692870919e+00
-8.87000 -1.88848599647556956147e+00
-8.86000 -1.06868783188665662255e+00
-8.85000 -1.15737258471499908764e+00
-8.84000 -2.51405727765371691260e+00
-8.83000 -1.16596871449014257371e+00
-8.82000 -1.33597324615909190124e+00
-8.81000 -1.65589883371816039693e+00
-8.80000 -1.21274612990100885820e+00
-8.79000 -2.23162744477865187327e+00
-8.78000 -1.24473220171265032559e+00
-8.77000 -1.97765337500994849889e+00
-8.76000 -1.42584295236445213499e+00
-8.75000 -1.50409932443689361634e+00
-8.74000 -2.26574839988854240258e+00
-8.73000 -1.50620361303146345681e+00
-8.72000 -1.31520707707884382438e+00
-8.71000 -1.70632741694784392480e+00
-8.70000 -1.19726357385240202017e+00
-8.69000 -2.45796264123180165139e+00
-8.68000 -1.22801303380274897314e+00
-8.67000 -2.08968320918913277547e+00
-8.66000 -1.40021681106519244216e+00
-8.65000 -1.53936305274906209798e+00
-8.64000 -2.10906809323547049561e+00
-8.63000 -1.47535372954283050160e+00
-8.62000 -1.44786331335288542506e+00
-8.61000 -1.76324592311420163193e+00
-8.60000 -2.21075417877206625568e+00
-8.59000 -2.95601795995020501370e+00
-8.58000 -2.92395821755173639708e+00
-8.57000 -2.24062491731043278475e+00
-8.56000 -1.84516048045258903795e+00
-8.55000 -1.57765013807138868181e+00
-8.54000 -1.99440939033913897918e+00
-8.53000 -1.99321681617684991292e+00
-8.52000 -1.93111523784939229532e+00
-8.51000 -1.82859808052482805923e+00
-8.50000 -2.42344807083350776778e+00
-8.49000 -2.89794868176590130404e+00
-8.48000 -2.92800463762017472327e+00
-8.47000 -2.47318648959116630021e+00
-8.46000 -1.92514765275820433094e+00
-8.45000 -2.43626320139888529717e+00
-8.44000 -1.90398006099839342390e+00
-8.43000 -2.10988589788050760082e+00
-8.42000 -1.85201696115349157153e+00
-8.41000 -1.90535722542430831022e+00
-8.40000 -2.85572132444211880054e+00
-8.39000 -2.44000580661661366547e+00
-8.38000 -2.45021784349592493886e+00
-8.37000 -3.00574424541144238150e+00
-8.36000 -2.02300865784140755633e+00
-8.35000 -2.22023594861077776014e+00
-8.34000 -1.98098817242924134208e+00
-8.33000 -2.26943771645456210981e+00
-8.32000 -2.26261525149246205449e+00
-8.31000 -1.99841274333981681888e+00
-8.30000 -3.00961951161711759929e+00
-8.29000 -2.22250257338343296391e+00
-8.28000 -2.22864800264121947220e+00
-8.27000 -2.85876358212684675958e+00
-8.26000 -2.14918920780577605450e+00
-8.25000 -2.28341422283019831454e+00
-8.24000 -2.32732222450972867935e+00
-8.23000 -2.52350240345183179751e+00
-8.22000 -2.51135995319678684929e+00
-8.21000 -2.56160239019605600577e+00
-8.20000 -2.47565330512954300392e+00
-8.19000 -3.23047610813356916837e+00
-8.18000 -4.14092685601340830190e+00
-8.17000 -2.42598227792651196816e+00
-8.16000 -2.58060852889407668729e+00
-8.15000 -2.54885836629136458727e+00
-8.14000 -3.13103777866499389734e+00
-8.13000 -3.20777914197486805487e+00
-8.12000 -3.15212298434021255924e+00
-8.11000 -2.29188282757680577076e+00
-8.10000 -2.40364427237982226687e+00
-8.09000 -2.74908318721497708340e+00
-8.08000 -2.63889107734125139730e+00
-8.07000 -2.76546649954095249036e+00
-8.06000 -2.63319424352222587055e+00
-8.05000 -3.34653181865183446133e+00
-8.04000 -2.50771024449131199586e+00
-8.03000 -2.75682437574858642433e+00
-8.02000 -2.77832036050763211900e+00
-8.01000 -2.63441920170718806558e+00
-8.00000 -2.80420794636322600257e+00
-7.99000 -3.44434317876995667123e+00
-7.98000 -3.33688332686028006212e+00
-7.97000 -3.18253807826728134255e+00
-7.96000 -4.32509563504209226022e+00
-7.95000 -2.82096976989989954164e+00
-7.94000 -3.04234990982629975608e+00
-7.93000 -2.94215904158300357927e+00
-7.92000 -2.90079373680117521802e+00
-7.91000 -3.30094589196326763741e+00
-7.90000 -3.09531171137529308320e+00
-7.89000 -3.59724612962133102217e+00
-7.88000 -3.14269982456135959321e+00
-7.87000 -3.03787416149527340469e+00
-7.86000 -3.23742348865054613218e+00
-7.85000 -3.06679033070670200916e+00
-7.84000 -3.85734527219061852686e+00
-7.83000 -3.27976716865137808503e+00
-7.82000 -3.07607500908199779101e+00
-7.81000 -3.13303167540710743896e+00
-7.80000 -3.12812791138913502903e+00
-7.79000 -3.82027055541165037954e+00
-7.78000 -3.01100435648037464118e+00
-7.77000 -3.28167252246609499446e+00
-7.76000 -3.13098533451015734338e+00
-7.75000 -3.68171413313713990914e+00
-7.74000 -3.20331791357672542963e+00
-7.73000 -3.99298363565124026105e+00
-7.72000 -3.38296846147291363016e+00
-7.71000 -3.48230288784250207310e+00
-7.70000 -3.26759470190661463051e+00
-7.69000 -4.26032398311209660469e+00
-7.68000 -3.78497585000051505540e+00
-7.67000 -3.87559017845234306623e+00
-7.66000 -3.66180811763792545249e+00
-7.65000 -3.37050890560270825541e+00
-7.64000 -3.65240584993486219019e+00
-7.63000 -4.81711125541547733079e+00
-7.62000 -4.71482591256016361292e+00
-7.61000 -4.07945498986803818360e+00
-7.60000 -5.85479972099485058848e+00
-7.59000 -4.44083928988451963815e+00
-7.58000 -3.90463153772062555348e+00
-7.57000 -3.61122603342015808170e+00
-7.56000 -3.78594505415700336511e+00
-7.55000 -3.66648019596537547821e+00
-7.54000 -3.88316203178148118091e+00
-7.53000 -3.89621895245189734432e+00
-7.52000 -3.61372158218926895694e+00
-7.51000 -3.77018797662714723567e+00
-7.50000 -4.10112021911765042143e+00
-7.49000 -3.91304153549993003793e+00
-7.48000 -3.94400006378769778649e+00
-7.47000 -3.86692911450409718805e+00
-7.46000 -3.93958804979842652262e+00
-7.45000 -4.86742314473418112878e+00
-7.44000 -4.12296235508413871527e+00
-7.43000 -3.84054308814221606106e+00
-7.42000 -3.82694471803036310011e+00
-7.41000 -3.99851388074672860445e+00
-7.40000 -3.84106887263022874282e+00
-7.39000 -4.07641816131463460273e+00
-7.38000 -4.09709935704434582504e+00
-7.37000 -4.88185435979113134487e+00
-7.36000 -4.14534558940454880534e+00
-7.35000 -4.49587954494871185106e+00
-7.34000 -4.85678948190240185063e+00
-7.33000 -4.35942912935101467434e+00
-7.32000 -4.31489893015723344422e+00
-7.31000 -4.44066465697468654942e+00
-7.30000 -4.25910330686183952187e+00
-7.29000 -5.04188561265537242518e+00
-7.28000 -4.39397897459640681588e+00
-7.27000 -5.02999774354426094523e+00
-7.26000 -4.47332393412393118735e+00
-7.25000 -4.27558749185275228065e+00
-7.24000 -4.31625806306728126852e+00
-7.23000 -4.36465140617844450134e+00
-7.22000 -4.23481316215517196661e+00
-7.21000 -4.64787422642556658685e+00
-7.20000 -4.39651038909784220828e+00
-7.19000 -4.21888403781302716387e+00
-7.18000 -5.29568444492000826558e+00
-7.17000 -6.93032816442794703891e+00
-7.16000 -5.93734539970145057180e+00
-7.15000 -4.62991502096644234453e+00
-7.14000 -4.60538667918137428845e+00
-7.13000 -4.32901938801011396812e+00
-7.12000 -5.17961016357525133548e+00
-7.11000 -5.15425823082084722882e+00
-7.10000 -4.87591918100950702736e+00
-7.09000 -4.70333295916373615329e+00
-7.08000 -4.95720636077943050280e+00
-7.07000 -4.81670913011367826575e+00
-7.06000 -4.58787262788521928766e+00
-7.05000 -4.92432134901444368323e+00
-7.04000 -5.78151830909482294159e+00
-7.03000 -4.94422641411450384781e+00
-7.02000 -4.66536735819508437432e+00
-7.01000 -6.12528577704964397044e+00
-7.00000 -4.79081034937760970142e+00
-6.99000 -5.59776233214912820671e+00
-6.98000 -4.91366271330259682306e+00
-6.97000 -5.33943549382614860831e+00
-6.96000 -4.93856640304729797462e+00
-6.95000 -5.73531447222133600877e+00
-6.94000 -5.01570482502173627419e+00
-6.93000 -5.41871656758754615887e+00
-6.92000 -4.86692117688793626958e+00
-6.91000 -7.01417423809187863407e+00
-6.90000 -4.89981399137205632897e+00
-6.89000 -4.77070647274045711453e+00
-6.88000 -5.13479880261652115283e+00
-6.87000 -6.29279347406978119793e+00
-6.86000 -5.36847664459871709141e+00
-6.85000 -4.99958806992802054850e+00
-6.84000 -5.62582580086912343795e+00
-6.83000 -5.73090879505620345684e+00
-6.82000 -5.00632715019124402422e+00
-6.81000 -5.29420514588490191080e+00
-6.80000 -5.31364193982370376862e+00
-6.79000 -5.23608760299171937516e+00
-6.78000 -5.09264604851965302238e+00
-6.77000 -7.74566684379107243778e+00
-6.76000 -6.58749656599458473325e+00
-6.75000 -5.91728491229884705042e+00
-6.74000 -5.39015915425753903154e+00
-6.73000 -5.25711226170472936464e+00
-6.72000 -6.27058569182798936515e+00
-6.71000 -5.28411418114950147450e+00
-6.70000 -5.55715661250753960570e+00
-6.69000 -6.61369759046596379735e+00
-6.68000 -5.59547013238207228449e+00
-6.67000 -5.75712337865451258007e+00
-6.66000 -5.51545177465562853902e+00
-6.65000 -5.58272204229664285521e+00
-6.64000 -5.49888982047450688290e+00
-6.63000 -5.54942484409122072184e+00
-6.62000 -5.49636437504266471381e+00
-6.61000 -6.22282686880567235304e+00
-6.60000 -5.45643642791881528474e+00
-6.59000 -6.53464101039621197845e+00
-6.58000 -6.01977716158779329551e+00
-6.57000 -5.67509233735454862160e+00
-6.56000 -5.47489782841265413106e+00
-6.55000 -6.08748381917516548150e+00
-6.54000 -5.78090947740868375381e+00
-6.53000 -6.52786572685649669817e+00
-6.52000 -5.88818392689343638683e+00
-6.51000 -5.80942245957121108186e+00
-6.50000 -6.12570418959684771755e+00
-6.49000 -5.85334930808054111672e+00
-6.48000 -5.80674198702641490566e+00
-6.47000 -6.48425714132316449462e+00
-6.46000 -6.37215681884255756616e+00
-6.45000 -6.49623933376711213327e+00
-6.44000 -6.08722072348773411005e+00
-6.43000 -6.08824130107980820937e+00
-6.42000 -6.21888686531328293812e+00
-6.41000 -6.61266065171414696129e+00
-6.40000 -6.08664604748529213972e+00
-6.39000 -5.99079333875780758664e+00
-6.38000 -6.12075020983021099658e+00
-6.37000 -6.06569053789348994069e+00
-6.36000 -6.15810484077952198338e+00
-6.35000 -6.22225720115120086579e+00
-6.34000 -6.14870103494462123470e+00
-6.33000 -6.60724489079190821159e+00
-6.32000 -6.47108493570317308292e+00
-6.31000 -6.14789309025346069086e+00
-6.30000 -6.06356906016384379805e+00
-6.29000 -6.93015575078764625933e+00
-6.28000 -6.39141486498293819214e+00
-6.27000 -6.49457551290894017412e+00
-6.26000 -7.72600867540508702384e+00
-6.25000 -6.73769201661755433438e+00
-6.24000 -6.59170032466836740585e+00
-6.23000 -6.94245554215869955595e+00
-6.22000 -7.00021258504732109273e+00
-6.21000 -8.54525292235160714455e+00
-6.20000 -6.21218847931350144718e+00
-6.19000 -6.31342918542220562150e+00
-6.18000 -6.50049881194571303224e+00
-6.17000 -6.93032808072995632799e+00
-6.16000 -6.66069803985783250814e+00
-6.15000 -6.80380763818282356930e+00
-6.14000 -6.47897124764762421091e+00
-6.13000 -6.48492891436863834465e+00
-6.12000 -6.66270655214131472983e+00
-6.11000 -6.54569046774546165835e+00
-6.10000 -6.51010931615481618865e+00
-6.09000 -6.79292583942188805740e+00
-6.08000 -6.59414279539649066152e+00
-6.07000 -6.80053339181952316590e+00
-6.06000 -8.06649539429303268686e+00
-6.05000 -7.13562172069887972652e+00
-6.04000 -7.74141673418626094678e+00
-6.03000 -7.10569191728940011436e+00
-6.02000 -6.93660186149454274481e+00
-6.01000 -6.60601784584452105063e+00
-6.00000 -7.23969873694366230794e+00
-5.99000 -7.09404311717296547990e+00
-5.98000 -7.37963332267330535770e+00
-5.97000 -6.67011020998742171521e+00
-5.96000 -6.64836866564223870259e+00
-5.95000 -7.08277913678024974341e+00
-5.94000 -7.90441137569369101134e+00
-5.93000 -6.74683386304268567979e+00
-5.92000 -7.70726034097381249802e+00
-5.91000 -7.01417390191868139098e+00
-5.90000 -6.81357649144035573381e+00
-5.89000 -6.90541223257809039671e+00
-5.88000 -7.70400630073070024750e+00
-5.87000 -8.38640068728858738799e+00
-5.86000 -7.45282719032002586267e+00
-5.85000 -6.98237581868070980324e+00
-5.84000 -7.00756654513033741018e+00
-5.83000 -7.22927281468743968256e+00
-5.82000 -7.83536659713198174303e+00
-5.81000 -7.15613351064609620007e+00
-5.80000 -7.58396043651559533406e+00
-5.79000 -7.96406409983899877918e+00
-5.78000 -7.18932298156252841967e+00
-5.77000 -7.74566339192214338210e+00
-5.76000 -7.65557654683476583937e+00
-5.75000 -8.42739959891983555617e+00
-5.74000 -7.33685882530779179180e+00
-5.73000 -7.38756884998636329832e+00
-5.72000 -8.76196468169408777382e+00
-5.71000 -8.00075137443239500432e+00
-5.70000 -7.40499157444695430474e+00
-5.69000 -7.31726145362000715642e+00
-5.68000 -7.33087913508916621088e+00
-5.67000 -7.45228648382106975516e+00
-5.66000 -7.52039752289810303071e+00
-5.65000 -7.82043570200150932456e+00
-5.64000 -7.64406679631662630287e+00
-5.63000 -7.53774930695809905652e+00
-5.62000 -7.36790331001669044795e+00
-5.61000 -7.94137385164398787755e+00
-5.60000 -7.56892335966758432030e+00
-5.59000 -9.57866805549538477028e+00
-5.58000 -9.05252550552940316898e+00
-5.57000 -7.88265896931328210974e+00
-5.56000 -7.60590408814591244311e+00
-5.55000 -7.86030209570770040713e+00
-5.54000 -9.02379450627048801479e+00
-5.53000 -8.15833187914300780527e+00
-5.52000 -7.89308437436456917201e+00
-5.51000 -8.32718396057059082917e+00
-5.50000 -8.49710902890552167207e+00
-5.49000 -7.99097124875019037714e+00
-5.48000 -7.93887362043010012336e+00
-5.47000 -8.04704325665547867512e+00
-5.46000 -8.10960392339509685694e+00
-5.45000 -7.87205265160146678031e+00
-5.44000 -7.93933300047902117558e+00
-5.43000 -8.19133079126244444210e+00
-5.42000 -8.25898365352406369898e+00
-5.41000 -7.91407167764233153906e+00
-5.40000 -8.16791833960006520132e+00
-5.39000 -8.20026139179600386652e+00
-5.38000 -8.43626401272372372815e+00
-5.37000 -7.90441102180068593582e+00
-5.36000 -8.06253063760086037971e+00
-5.35000 -9.09452064467313831334e+00
-5.34000 -8.34498421058035134978e+00
-5.33000 -8.11925930734548223413e+00
-5.32000 -8.82937130945218696682e+00
-5.31000 -8.17147871942149332282e+00
-5.30000 -8.45903761167530610868e+00
-5.29000 -8.15053164231373976443e+00
-5.28000 -8.22349156572820719994e+00
-5.27000 -9.61512353681470257651e+00
-5.26000 -8.41583506090566146971e+00
-5.25000 -8.81539875293357885668e+00
-5.24000 -8.35333085339334093736e+00
-5.23000 -8.32059783079610014184e+00
-5.22000 -8.67107792252236647158e+00
-5.21000 -8.54553985890917528791e+00
-5.20000 -9.00562164717163876355e+00
-5.19000 -8.56469989587537902220e+00
-5.18000 -8.60191540226455255737e+00
-5.17000 -8.51592838609165957760e+00
-5.16000 -8.95972665185699686588e+00
-5.15000 -8.48922255003223410509e+00
-5.14000 -9.01583085574107190568e+00
-5.13000 -8.81188647553807197655e+00
-5.12000 -8.85742779747373138940e+00
-5.11000 -8.73332739106853714502e+00
-5.10000 -8.70497714081831763019e+00
-5.09000 -8.39940699763487600652e+00
-5.08000 -9.78824528108455219847e+00
-5.07000 -8.57101719067349303825e+00
-5.06000 -8.57003636584215936628e+00
-5.05000 -9.36739600287613509693e+00
-5.04000 -8.82798274554185588136e+00
-5.03000 -8.68399427021245837524e+00
-5.02000 -8.75594310043311131048e+00
-5.01000 -8.65354557331697594059e+00
-5.00000 -8.70594566780119752305e+00
-4.99000 -8.74615352363961453663e+00
-4.98000 -8.82417629332036486476e+00
-4.97000 -1.01342605949445740470e+01
-4.96000 -8.93088156052469778461e+00
-4.95000 -8.77296975121070797543e+00
-4.94000 -9.18858783668714161445e+00
-4.93000 -8.84873904950245910531e+00
-4.92000 -9.44044695783459106905e+00
-4.91000 -9.07340585807249097941e+00
-4.90000 -9.20949038451941952819e+00
-4.89000 -8.99375674152665413857e+00
-4.88000 -9.55310588402547705613e+00
-4.87000 -1.02598481156862699161e+01
-4.86000 -9.21492392250038743016e+00
-4.85000 -9.62971829136647344827e+00
-4.84000 -9.49116438218694201921e+00
-4.83000 -9.16107649746811789244e+00
-4.82000 -9.51274236428395989808e+00
-4.81000 -9.45540702577023195897e+00
-4.80000 -8.95153041311705952466e+00
-4.79000 -9.10514659078231556374e+00
-4.78000 -9.30474489450489226396e+00
-4.77000 -9.57767029081201038635e+00
-4.76000 -9.43708326791620635832e+00
-4.75000 -9.71735031621308278926e+00
-4.74000 -9.14112936281961385894e+00
-4.73000 -9.25201297215351551977e+00
-4.72000 -9.35638263820466444497e+00
-4.71000 -9.22850606020939945480e+00
-4.70000 -9.22364543478954720945e+00
-4.69000 -9.48148655917993215137e+00
-4.68000 -1.00003488745054553433e+01
-4.67000 -9.55530109902426201107e+00
-4.66000 -9.85838303104562367618e+00
-4.65000 -1.02500569736237206941e+01
-4.64000 -9.42323385082260188937e+00
-4.63000 -9.58130676149380714011e+00
-4.62000 -9.50958678555130357268e+00
-4.61000 -1.01768671113949244799e+01
-4.60000 -1.00833465726405952980e+01
-4.59000 -9.63614294288661669009e+00
-4.58000 -9.76792394246124457292e+00
-4.57000 -1.00088556940431217951e+01
-4.56000 -1.04301696066374891443e+01
-4.55000 -1.00525211843895193849e+01
-4.54000 -9.79513625115240031682e+00
-4.53000 -1.03072617064524090112e+01
-4.52000 -9.65254367835589378866e+00
-4.51000 -9.54052360585108031200e+00
-4.50000 -1.00270177142631657478e+01
-4.49000 -1.10489215805687994425e+01
-4.48000 -1.05973080006078895126e+01
-4.47000 -1.08728324471099556513e+01
-4.46000 -9.83073751997037759576e+00
-4.45000 -9.71745395433636934349e+00
-4.44000 -1.03077105891197824085e+01
-4.43000 -9.92761269869648327151e+00
-4.42000 -9.78864426991247127061e+00
-4.41000 -9.90056481698953830609e+00
-4.40000 -9.68364957058357606317e+00
-4.39000 -9.65455175118419306555e+00
-4.38000 -1.08655958645329313843e+01
-4.37000 -1.06887264188026496065e+01
-4.36000 -9.79328084598555181038e+00
-4.35000 -1.09139408300203105953e+01
-4.34000 -1.03024669210430009549e+01
-4.33000 -1.02744344312671326775e+01
-4.32000 -1.04577980092483094491e+01
-4.31000 -1.01474567625213658211e+01
-4.30000 -1.05601451736394253960e+01
-4.29000 -1.06246792548021400399e+01
-4.28000 -1.01883877876665283170e+01
-4.27000 -1.20865904205540154997e+01
-4.26000 -1.07157020335754738930e+01
-4.25000 -1.09337922236206537942e+01
-4.24000 -1.00372714015499960461e+01
-4.23000 -1.04184691338370445986e+01
-4.22000 -1.03625072373664796031e+01
-4.21000 -1.04683052807781091717e+01
-4.20000 -1.01093990770545669325e+01
-4.19000 -1.02647568823418983818e+01
-4.18000 -1.04376284637443908160e+01
-4.17000 -1.02234407911707075589e+01
-4.16000 -1.08203790506173538584e+01
-4.15000 -1.06813027324158520952e+01
-4.14000 -1.01089017416352311002e+01
-4.13000 -1.02857691767331602475e+01
-4.12000 -1.04783990147462733001e+01
-4.11000 -1.02152261723701828526e+01
-4.10000 -1.09008289522004634155e+01
-4.09000 -1.05950222290451272706e+01
-4.08000 -1.05626030200060388045e+01
-4.07000 -1.10716683927821828654e+01
-4.06000 -1.17127738504155547022e+01
-4.05000 -1.06961158528303429422e+01
-4.04000 -1.05614156491868603398e+01
-4.03000 -1.05673994716172687759e+01
-4.02000 -1.07600305066891337984e+01
-4.01000 -1.08878027626166938953e+01
-4.00000 -1.13915025897014920205e+01
-3.99000 -1.08225901793887186167e+01
-3.98000 -1.09223591519785076537e+01
-3.97000 -1.14294606100525005044e+01
-3.96000 -1.12897279065819313992e+01
-3.95000 -1.13079641002570376136e+01
-3.94000 -1.13205708947798020956e+01
-3.93000 -1.19599914469266815414e+01
-3.92000 -1.08936616957337503286e+01
-3.91000 -1.05715280204719346375e+01
-3.90000 -1.10516872851175115226e+01
-3.89000 -1.09469208311796806100e+01
-3.88000 -1.08703192228290818318e+01
-3.87000 -1.13293965750353703347e+01
-3.86000 -1.17058481562873731782e+01
-3.85000 -1.06878873610866817591e+01
-3.84000 -1.09342151628573791902e+01
-3.83000 -1.27294093827509480852e+01
-3.82000 -1.10134594805059933386e+01
-3.81000 -1.19863207101796884549e+01
-3.80000 -1.12493439858477107234e+01
-3.79000 -1.16920133868379448770e+01
-3.78000 -1.27272749937823069239e+01
-3.77000 -1.13763375445065635806e+01
-3.76000 -1.21372029913391470861e+01
-3.75000 -1.14135310067001500564e+01
-3.74000 -1.12245799171640556896e+01
-3.73000 -1.21169205533037535978e+01
-3.72000 -1.20786421610356413661e+01
-3.71000 -1.12501257087034452903e+01
-3.70000 -1.14543679457741110041e+01
-3.69000 -1.11252963827013271157e+01
-3.68000 -1.15622887117810861550e+01
-3.67000 -1.12422897626769881536e+01
-3.66000 -1.11886529077052755948e+01
-3.65000 -1.15396942533376791681e+01
-3.64000 -1.19376659388145550762e+01
-3.63000 -1.18250932102427313841e+01
-3.62000 -1.23189142306653185511e+01
-3.61000 -1.12525993786716129279e+01
-3.60000 -1.20588902329957742589e+01
-3.59000 -1.31114461432097738182e+01
-3.58000 -1.15461127940084137709e+01
-3.57000 -1.16496901387938841454e+01
-3.56000 -1.21758683509462880467e+01
-3.55000 -1.17304230616156917738e+01
-3.54000 -1.14127337613672651291e+01
-3.53000 -1.18417074620464444134e+01
-3.52000 -1.15334872860771300782e+01
-3.51000 -1.22504560150676017581e+01
-3.50000 -1.14646438269535701068e+01
-3.49000 -1.19770803715563916511e+01
-3.48000 -1.15931115033814029413e+01
-3.47000 -1.16994711967489426205e+01
-3.46000 -1.22128877061155764932e+01
-3.45000 -1.16775665301069670353e+01
-3.44000 -1.16306761578259864279e+01
-3.43000 -1.19621435859018324195e+01
-3.42000 -1.31422245178824666379e+01
-3.41000 -1.18153686656054364018e+01
-3.40000 -1.27467385313490202499e+01
-3.39000 -1.20586077591150259859e+01
-3.38000 -1.19149080526541742645e+01
-3.37000 -1.20375878461902971299e+01
-3.36000 -1.32036706327808888934e+01
-3.35000 -1.22506498492134281190e+01
-3.34000 -1.24597096836932467092e+01
-3.33000 -1.23170803452879132145e+01
-3.32000 -1.28042735497092596804e+01
-3.31000 -1.21295036433891128547e+01
-3.30000 -1.25160536734403081824e+01
-3.29000 -1.22033188947354604946e+01
-3.28000 -1.19738549319551439501e+01
-3.27000 -1.28521992759786667414e+01
-3.26000 -1.20543551980326484286e+01
-3.25000 -1.29737117295367873479e+01
-3.24000 -1.22517770594935345259e+01
-3.23000 -1.33002909873401712398e+01
-3.22000 -1.21871219751048557858e+01
-3.21000 -1.35605658276815590852e+01
-3.20000 -1.24502725105251189726e+01
-3.19000 -1.23476121041710149287e+01
-3.18000 -1.24914815113614556521e+01
-3.17000 -1.22432558633743208869e+01
-3.16000 -1.23760615167019764017e+01
-3.15000 -1.22445673552374506756e+01
-3.14000 -1.25235401895038631981e+01
-3.13000 -1.25238374651365237328e+01
-3.12000 -1.25006316834143445700e+01
-3.11000 -1.24142909003932867583e+01
-3.10000 -1.24931862044921793116e+01
-3.09000 -1.26245220521004518945e+01
-3.08000 -1.27337121704493242873e+01
-3.07000 -1.23525942865266371695e+01
-3.06000 -1.33425419991685478352e+01
-3.05000 -1.34933303150119874286e+01
-3.04000 -1.25788686408140317988e+01
-3.03000 -1.26058326702716329473e+01
-3.02000 -1.30435609566224138996e+01
-3.01000 -1.24238462976334108684e+01
-3.00000 -1.26634267166256990608e+01
-2.99000 -1.41590865082471141379e+01
-2.98000 -1.31855114959809260004e+01
-2.97000 -1.32015804067544179484e+01
-2.96000 -1.28724166183119845906e+01
-2.95000 -1.28960156368060898406e+01
-2.94000 -1.24571828879266848430e+01
-2.93000 -1.31581278867573989774e+01
-2.92000 -1.32887592049575227896e+01
-2.91000 -1.34496631398689486152e+01
-2.90000 -1.28483523443692006054e+01
-2.89000 -1.31262011298556472158e+01
-2.88000 -1.37471413005873824981e+01
-2.87000 -1.27347641802515653938e+01
-2.86000 -1.33540044501006892998e+01
-2.85000 -1.39909217748477291083e+01
-2.84000 -1.31478547790793006541e+01
-2.83000 -1.30911440025854555712e+01
-2.82000 -1.39546066854049928335e+01
-2.81000 -1.33839789478055657393e+01
-2.80000 -1.35187829744587708269e+01
-2.79000 -1.35013340988946565534e+01
-2.78000 -1.38743212626659348638e+01
-2.77000 -1.32266213679988793592e+01
-2.76000 -1.34977219922434610970e+01
-2.75000 -1.33826887525510775821e+01
-2.74000 -1.42846085450633055874e+01
-2.73000 -1.40752826492790361988e+01
-2.72000 -1.43149806538250735852e+01
-2.71000 -1.41752349109492479188e+01
-2.70000 -1.37390726860583953003e+01
-2.69000 -1.32277025615177070070e+01
-2.68000 -1.40589804722370047630e+01
-2.67000 -1.35678129853513377203e+01
-2.66000 -1.40550555630525626115e+01
-2.65000 -1.36111041372804415532e+01
-2.64000 -1.47016560744308349929e+01
-2.63000 -1.35879323531351683223e+01
-2.62000 -1.38143035370821877601e+01
-2.61000 -1.34797675118635410371e+01
-2.60000 -1.44217531750339503019e+01
-2.59000 -1.41604673040487233065e+01
-2.58000 -1.45404163034062956297e+01
-2.57000 -1.35250029114618509846e+01
-2.56000 -1.34754753457942996319e+01
-2.55000 -1.36563304761292114630e+01
-2.54000 -1.35343501149110816530e+01
-2.53000 -1.40788361472311423688e+01
-2.52000 -1.36159580201926837320e+01
-2.51000 -1.33989561484768581337e+01
-2.50000 -1.35782140085444687216e+01
-2.49000 -1.34544242512637049064e+01
-2.48000 -1.39485352652603100069e+01
-2.47000 -1.34340541761816859891e+01
-2.46000 -1.39756889049691510251e+01
-2.45000 -1.39052995319077512997e+01
-2.44000 -1.39281827144815017706e+01
-2.43000 -1.39299382768394425184e+01
-2.42000 -1.38497483926783226359e+01
-2.41000 -1.40567771746320025264e+01
-2.40000 -1.36061638114027625372e+01
-2.39000 -1.43118843985175689176e+01
-2.38000 -1.71795595144614007856e+01
-2.37000 -1.39453119780540115390e+01
-2.36000 -1.37907160741749381955e+01
-2.35000 -1.38753674483577355038e+01
-2.34000 -1.35733516915838534666e+01
-2.33000 -1.41790044441263538531e+01
-2.32000 -1.40410651569717794852e+01
-2.31000 -1.54379041373708846543e+01
-2.30000 -1.42028824557999364770e+01
-2.29000 -1.44423080040526301826e+01
-2.28000 -1.43525397838119532258e+01
-2.27000 -1.43505614788205024882e+01
-2.26000 -1.40995629698322669137e+01
-2.25000 -1.45655355342186601641e+01
-2.24000 -1.44381363134406012164e+01
-2.23000 -1.55243734527891140505e+01
-2.22000 -1.44806745424546745591e+01
-2.21000 -1.42339411731568905228e+01
-2.20000 -1.53927145487390598811e+01
-2.19000 -1.45809657926583350574e+01
-2.18000 -1.43132328605593998130e+01
-2.17000 -1.50196171527687670150e+01
-2.16000 -1.41507210306232134181e+01
-2.15000 -1.48723609785173176354e+01
-2.14000 -1.48391146373750808856e+01
-2.13000 -1.50117814982965610262e+01
-2.12000 -1.45994379331813788703e+01
-2.11000 -1.46687280048521349130e+01
-2.10000 -1.50856777514326939526e+01
-2.09000 -1.50597132760540415525e+01
-2.08000 -1.47544225565294890292e+01
-2.07000 -1.42087543224475711225e+01
-2.06000 -1.42991429694146794027e+01
-2.05000 -1.48785459706133033706e+01
-2.04000 -1.45299758680050527084e+01
-2.03000 -1.41501642422543454187e+01
-2.02000 -1.44230215635800914772e+01
-2.01000 -1.47846757307420579152e+01
-2.00000 -1.46868660143885325529e+01
-1.99000 -1.47375536049646542608e+01
-1.98000 -1.57432123487882067491e+01
-1.97000 -1.46351538464937666372e+01
-1.96000 -1.59290572908943121018e+01
-1.95000 -1.45549116252878606948e+01
-1.94000 -1.64208188199228524665e+01
-1.93000 -1.46268787069535725811e+01
-1.92000 -1.55200613885890259048e+01
-1.91000 -1.50432519791212110198e+01
-1.90000 -1.51249057276012825318e+01
-1.89000 -1.64353274500631834770e+01
-1.88000 -1.47246488102449402972e+01
-1.87000 -1.48126433096192808179e+01
-1.86000 -1.50642181091011309610e+01
-1.85000 -1.47050407575490855562e+01
-1.84000 -1.47671085787116534785e+01
-1.83000 -1.68749798647286496679e+01
-1.82000 -1.46914667575048161147e+01
-1.81000 -1.52289265156898793695e+01
-1.80000 -1.62676549295806469903e+01
-1.79000 -1.57044548397002950123e+01
-1.78000 -1.53553426932838601553e+01
-1.77000 -1.47069290440319766517e+01
-1.76000 -1.48272126318545789062e+01
-1.75000 -1.49795911414418220029e+01
-1.74000 -1.51553228217774397261e+01
-1.73000 -1.57128791770004233325e+01
-1.72000 -1.48095458052293769829e+01
-1.71000 -1.51605716269854017830e+01
-1.70000 -1.50588694567761307843e+01
-1.69000 -1.53615738780931481130e+01
-1.68000 -1.69894484395056179146e+01
-1.67000 -1.50500079837522413194e+01
-1.66000 -1.66510121131471856230e+01
-1.65000 -1.58158137634871894459e+01
-1.64000 -1.64957930316656124475e+01
-1.63000 -1.57924208193095802237e+01
-1.62000 -1.55876620750568420266e+01
-1.61000 -1.61142304072419722625e+01
-1.60000 -1.61918213324121930460e+01
-1.59000 -1.59358976748573867915e+01
-1.58000 -1.55162456674936158835e+01
-1.57000 -1.54532579753482469014e+01
-1.56000 -1.62225409721857963246e+01
-1.55000 -1.61102628401328731803e+01
-1.54000 -1.55173260440608874484e+01
-1.53000 -1.54349274124577034318e+01
-1.52000 -1.58035019205535942422e+01
-1.51000 -1.61600483107327113613e+01
-1.50000 -1.54727364785510020321e+01
-1.49000 -1.65975110677256288000e+01
-1.48000 -1.53343363457135659590e+01
-1.47000 -1.52783178959627783259e+01
-1.46000 -1.61980791045298361027e+01
-1.45000 -1.55368086282741831453e+01
-1.44000 -1.56122927151150673033e+01
-1.43000 -1.56750479130990020213e+01
-1.42000 -1.57631881599124276938e+01
-1.41000 -1.58593466755551532974e+01
-1.40000 -1.56734864609257747853e+01
-1.39000 -1.59354699117450005191e+01
-1.38000 -1.60727573883528776291e+01
-1.37000 -1.55402952360076253707e+01
-1.36000 -1.69079434990344407447e+01
-1.35000 -1.65507090381785903158e+01
-1.34000 -1.57152791466292823218e+01
-1.33000 -1.58120953562880403268e+01
-1.32000 -1.63452249756646646774e+01
-1.31000 -1.74596876586646865357e+01
-1.30000 -1.62401497938357542317e+01
-1.29000 -1.68233828380654623184e+01
-1.28000 -1.71866786693268945446e+01
-1.27000 -1.65965402161953440637e+01
-1.26000 -1.67205470288463616570e+01
-1.25000 -1.64720606700756017262e+01
-1.24000 -1.67023667331744325865e+01
-1.23000 -1.60446911079004990008e+01
-1.22000 -1.66126283676624176278e+01
-1.21000 -1.66648642701032883972e+01
-1.20000 -1.61780518572213101499e+01
-1.19000 -1.64869547289048772910e+01
-1.18000 -1.56633308659715386069e+01
-1.17000 -1.67343415505534508416e+01
-1.16000 -1.67292573473115541178e+01
-1.15000 -1.58476753932939985990e+01
-1.14000 -1.62259952085664969600e+01
-1.13000 -1.66467070613642842986e+01
-1.12000 -1.67786563926789958102e+01
-1.11000 -1.60967025217948624671e+01
-1.10000 -1.63855409369820897315e+01
-1.09000 -1.67829026722552897936e+01
-1.08000 -1.76529856378260113104e+01
-1.07000 -1.67407176075448657238e+01
-1.06000 -1.79233323201329374594e+01
-1.05000 -1.61091980866098018130e+01
-1.04000 -1.67498652653638721560e+01
-1.03000 -1.73792398719431542310e+01
-1.02000 -1.70753899858376376342e+01
-1.01000 -1.64415865169311905848e+01
-1.00000 -1.77471886379616179321e+01
-0.99000 -1.64487885048791553626e+01
-0.98000 -1.62246839359649641307e+01
-0.97000 -1.71937884002062510175e+01
-0.96000 -1.64441451294227363716e+01
-0.95000 -1.70753146562430014339e+01
-0.94000 -1.67484375732248593743e+01
-0.93000 -1.67537366198087013108e+01
-0.92000 -1.69496355091824444199e+01
-0.91000 -1.67870245671759254994e+01
-0.90000 -1.69580795358933667811e+01
-0.89000 -1.65355850691997148579e+01
-0.88000 -1.83624523846574157476e+01
-0.87000 -1.66018236626478289386e+01
-0.86000 -1.65436953511344558339e+01
-0.85000 -1.67008204028320115988e+01
-0.84000 -1.76319975933144114533e+01
-0.83000 -1.80893534094176277535e+01
-0.82000 -1.75841810431026538113e+01
-0.81000 -1.67031059729719968746e+01
-0.80000 -1.69036464535889084156e+01
-0.79000 -1.84871973345686239371e+01
-0.78000 -1.74079891725215276828e+01
-0.77000 -1.74457495489847885985e+01
-0.76000 -1.70950022565080247509e+01
-0.75000 -1.71753279570553857424e+01
-0.74000 -1.79641707131023327815e+01
-0.73000 -1.71969809623480162624e+01
-0.72000 -1.86630713512939469794e+01
-0.71000 -1.72158761664375213347e+01
-0.70000 -1.75929574268292617037e+01
-0.69000 -1.71858333010478218483e+01
-0.68000 -1.92649718897143086699e+01
-0.67000 -1.76117147083919009035e+01
-0.66000 -1.76850968531219704828e+01
-0.65000 -1.72691962786540949004e+01
-0.64000 -1.79030523528390899824e+01
-0.63000 -1.69302727366619612942e+01
-0.62000 -1.75744741762285961138e+01
-0.61000 -1.73561263560842186371e+01
-0.60000 -1.67082472183206257547e+01
-0.59000 -1.68157788380047654962e+01
-0.58000 -1.71640470094317768284e+01
-0.57000 -1.77328678486380918906e+01
-0.56000 -1.69764709112964516068e+01
-0.55000 -1.70311989136521703039e+01
-0.54000 -1.76843301529720453944e+01
-0.53000 -1.70039572575821097394e+01
-0.52000 -1.70309434211808211589e+01
-0.51000 -1.76106337049295809030e+01
-0.50000 -1.71668384961590641292e+01
-0.49000 -1.78486728478798122900e+01
-0.48000 -1.73714444592049684513e+01
-0.47000 -1.86613668889039233008e+01
-0.46000 -1.72339256354152191419e+01
-0.45000 -1.86611264202211195838e+01
-0.44000 -1.79843040139542940971e+01
-0.43000 -1.77444088103562949959e+01
-0.42000 -1.79203588509212852209e+01
-0.41000 -1.80073611550947893685e+01
-0.40000 -1.87853575675591106340e+01
-0.39000 -1.77709549960880706099e+01
-0.38000 -1.74108885709099070731e+01
-0.37000 -1.81827879056894848083e+01
-0.36000 -1.79607530140003535668e+01
-0.35000 -1.87844668443932276726e+01
-0.34000 -1.76279155516583138502e+01
-0.33000 -1.85622002974407472389e+01
-0.32000 -1.79387272354039398886e+01
-0.31000 -inf
-0.30000 -1.79382475758133627212e+01
-0.29000 -1.78799987252459731176e+01
-0.28000 -1.92599409637752656144e+01
-0.27000 -1.76261908359536337079e+01
-0.26000 -1.85603943496653571842e+01
-0.25000 -1.84139574869185687327e+01
-0.24000 -1.76055196429762248981e+01
-0.23000 -1.76051810454038805930e+01
-0.22000 -1.78600990091258773340e+01
-0.21000 -1.78263040183874147092e+01
-0.20000 -1.77948810702474724335e+01
-0.19000 -1.81776908064084633983e+01
-0.18000 -1.84782946243632598578e+01
-0.17000 -1.76649350268746504686e+01
-0.16000 -1.82141397013675899533e+01
-0.15000 -1.78236793808204423521e+01
-0.14000 -1.79323115805739184744e+01
-0.13000 -1.79987219899815127869e+01
-0.12000 -inf
-0.11000 -1.82528448172626785156e+01
-0.10000 -1.81730478455501129331e+01
-0.09000 -1.89505543985301774575e+01
-0.08000 -1.87737881095161329454e+01
-0.07000 -1.82959600677890686978e+01
-0.06000 -1.82080698568861412290e+01
-0.05000 -1.82072950126747641966e+01
-0.04000 -inf
-0.03000 -1.82927844613423496150e+01
-0.02000 -1.84010395477993764120e+01
-0.01000 -1.85462363840075659567e+01
0.00000 -1.82028387262672675852e+01
0.01000 -1.87660893499619391266e+01
0.02000 -1.84639905697102782271e+01
0.03000 -1.80948947739296026205e+01
0.04000 -1.82398512205401203464e+01
0.05000 -1.89375945951193198815e+01
0.06000 -1.86352803524703196543e+01
0.07000 -1.92359957833866187567e+01
0.08000 -1.87574668335141774237e+01
0.09000 -1.82331143062148616409e+01
0.10000 -1.83284813614604185326e+01
0.11000 -1.86278959917908103049e+01
0.12000 -1.92282648289723567241e+01
0.13000 -1.87493730938980117471e+01
0.14000 -1.92246408414805839832e+01
0.15000 -1.89216704408238331325e+01
0.16000 -1.81414878383934170293e+01
0.17000 -1.89175125544113859923e+01
0.18000 -1.89152864081280828023e+01
0.19000 -1.87368647583358548855e+01
0.20000 -1.82573040240050366682e+01
0.21000 -1.83059029123550439083e+01
0.22000 -1.87291985595721576473e+01
0.23000 -1.92035217409030820775e+01
0.24000 -1.92005928904731668298e+01
0.25000 -1.87204059574235915763e+01
0.26000 -1.88932883860204486031e+01
0.27000 -1.91909597898723298486e+01
0.28000 -1.91874445304492237101e+01
0.29000 -1.85817053963405553786e+01
0.30000 -1.88788848277539053708e+01
0.31000 -1.86987637091990031735e+01
0.32000 -1.86945463312811074475e+01
0.33000 -inf
0.34000 -1.88616055542967889277e+01
0.35000 -1.85557425777824395244e+01
0.36000 -1.86756241392926113070e+01
0.37000 -1.88464238383459416603e+01
0.38000 -1.91419172580159523221e+01
0.39000 -1.91361245779839201017e+01
0.40000 -inf
0.41000 -inf
0.42000 -1.91170918223891165271e+01
0.43000 -1.91101541097578811624e+01
0.44000 -1.86257761430049414136e+01
0.45000 -1.86181862376908478628e+01
0.46000 -1.90873696195450163575e+01
0.47000 -1.90790684062258949355e+01
0.48000 -1.90703878626958430037e+01
0.49000 -1.83623413598713313404e+01
0.50000 -inf
0.51000 -1.90419007208567440271e+01
0.52000 -1.90315299911872568648e+01
0.53000 -inf
0.54000 -1.85322397377410456876e+01
0.55000 -1.89975218607910673139e+01
0.56000 -inf
0.57000 -1.89722265592981006906e+01
0.58000 -1.89587249742825616986e+01
0.59000 -1.89446225124013351050e+01
0.60000 -1.92309244792365748502e+01
0.61000 -inf
0.62000 -1.85974289057240827535e+01
0.63000 -1.87056066235412501372e+01
0.64000 -1.86881130961200665544e+01
0.65000 -1.91469795071780183957e+01
0.66000 -inf
0.67000 -1.88070364783532263664e+01
0.68000 -1.90873465072662214775e+01
0.69000 -1.90657416773128285201e+01
0.70000 -1.85660977823939523420e+01
0.71000 -1.90197448295847108823e+01
0.72000 -inf
0.73000 -inf
0.74000 -1.92442933013732267664e+01
0.75000 -1.86145994491327973382e+01
0.76000 -inf
0.77000 -1.85558970849665879864e+01
0.78000 -inf
0.79000 -1.90944159457366397347e+01
0.80000 -inf
0.81000 -inf
0.82000 -1.89893269231698402742e+01
0.83000 -1.86504936172020506224e+01
0.84000 -1.92132923130502312487e+01
0.85000 -1.91725294047954861014e+01
0.86000 -inf
0.87000 -1.90863212066726875317e+01
0.88000 -1.90407856377939623642e+01
0.89000 -1.89935678966239059398e+01
0.90000 -1.86435913311608859582e+01
0.91000 -1.85928686558538585599e+01
0.92000 -1.88413519597685498001e+01
0.93000 -inf
0.94000 -1.87305916051368896279e+01
0.95000 -1.86722787752612016804e+01
0.96000 -1.85150335287709388709e+01
0.97000 -1.84526244764305243935e+01
0.98000 -1.86099381473578480081e+01
0.99000 -1.90203452596314933187e+01
1.00000 -1.92524281415399321216e+01
1.01000 -1.88801632406570086154e+01
1.02000 -1.82045247755282198904e+01
1.03000 -1.87306059444457956402e+01
1.04000 -1.89531989389435517601e+01
1.05000 -1.85712148349189744116e+01
1.06000 -1.87887135394374028136e+01
1.07000 -1.85264525344127978096e+01
1.08000 -1.87386118112845464038e+01
1.09000 -inf
1.10000 -1.87286021152989943725e+01
1.11000 -inf
1.12000 -inf
1.13000 -1.84275533066213652710e+01
1.14000 -1.87470566102154421566e+01
1.15000 -1.83363835629996262296e+01
1.16000 -inf
1.17000 -1.87093258973567511810e+01
1.18000 -1.87657889538147102139e+01
1.19000 -1.92447358307560672814e+01
1.20000 -1.91180565386445367928e+01
1.21000 -1.82095766802068869672e+01
1.22000 -1.82004524345421591046e+01
1.23000 -1.87157805653221790774e+01
1.24000 -1.83309476895239236351e+01
1.25000 -1.83312793444250713860e+01
1.26000 -1.88803581886576387905e+01
1.27000 -1.85501855976534298833e+01
1.28000 -1.83248696932379455810e+01
1.29000 -1.87061809579401490556e+01
1.30000 -1.82958962580978045306e+01
1.31000 -1.82701831851823052882e+01
1.32000 -1.80936405981245410426e+01
1.33000 -1.87361957604124887335e+01
1.34000 -1.81819423413574624802e+01
1.35000 -1.84377860103975356691e+01
1.36000 -1.80951885396007032241e+01
1.37000 -1.87385419942769989518e+01
1.38000 -1.88324293801342114128e+01
1.39000 -1.81078796485983772452e+01
1.40000 -1.84014442132651758789e+01
1.41000 -1.90804313162249767379e+01
1.42000 -1.81971971019524637603e+01
1.43000 -1.83712931831121066978e+01
1.44000 -1.89741150774716471148e+01
1.45000 -1.78803987656538307324e+01
1.46000 -1.79932674258961986143e+01
1.47000 -inf
1.48000 -1.80302713075414672954e+01
1.49000 -1.88687157997808349352e+01
1.50000 -1.87110396937328396037e+01
1.51000 -1.79205407653907808439e+01
1.52000 -1.78807571409842310413e+01
1.53000 -1.79949136097166540078e+01
1.54000 -1.78650689345398103955e+01
1.55000 -1.78665286067252207132e+01
1.56000 -1.79635674752685782704e+01
1.57000 -1.76884249677433329738e+01
1.58000 -1.80585826043195627442e+01
1.59000 -1.77262587208188765412e+01
1.60000 -1.80393935609203407821e+01
1.61000 -1.77568442603654949100e+01
1.62000 -1.79146497220408741566e+01
1.63000 -1.79208839114230286827e+01
1.64000 -1.84224452887316208528e+01
1.65000 -1.76750729845507974381e+01
1.66000 -1.89692104016854454912e+01
1.67000 -1.82357891699834093573e+01
1.68000 -1.78206561820538751835e+01
1.69000 -1.80306810165066928077e+01
1.70000 -1.79801932284900560666e+01
1.71000 -1.78499788063112882260e+01
1.72000 -1.78382885610887579296e+01
1.73000 -1.79772409411006074062e+01
1.74000 -1.84084612806041984078e+01
1.75000 -1.83384766982865839331e+01
1.76000 -1.78317958840630295652e+01
1.77000 -1.78495551147803684176e+01
1.78000 -1.76341278305816728609e+01
1.79000 -1.87535474721610995515e+01
1.80000 -1.85857675897823684044e+01
1.81000 -1.78525512668568590441e+01
1.82000 -1.79564050135848468429e+01
1.83000 -1.76190763270350558515e+01
1.84000 -1.75763529419635354117e+01
1.85000 -1.76892916409092227480e+01
1.86000 -1.78661051738779605436e+01
1.87000 -1.77916533816778789229e+01
1.88000 -1.78779225801249722454e+01
1.89000 -1.77012114448520828623e+01
1.90000 -1.75786872743909302168e+01
1.91000 -1.75575892513462920551e+01
1.92000 -1.78085971270743518256e+01
1.93000 -1.79672201744647285198e+01
1.94000 -1.74137563015470810176e+01
1.95000 -1.76476215398828116931e+01
1.96000 -1.76791204723105061843e+01
1.97000 -1.74343461461605325757e+01
1.98000 -1.90765669150262783503e+01
1.99000 -1.80435846816230968485e+01
2.00000 -inf
2.01000 -1.75030477405509331638e+01
2.02000 -1.74183467892051632355e+01
2.03000 -1.80792657436707886708e+01
2.04000 -1.74697670221652789566e+01
2.05000 -1.77011430172612930032e+01
2.06000 -1.75114315710330134494e+01
2.07000 -1.75048960357883796254e+01
2.08000 -1.79184643206374001109e+01
2.09000 -1.87145226857931302102e+01
2.10000 -1.77340637869992878047e+01
2.11000 -1.75736088624624126955e+01
2.12000 -1.78966437429137239998e+01
2.13000 -1.77972128340662479520e+01
2.14000 -1.73656895389330092061e+01
2.15000 -1.71753815892167516852e+01
2.16000 -1.73635101471570410768e+01
2.17000 -1.80815452730493261019e+01
2.18000 -1.78016677787271681566e+01
2.19000 -1.72351535316351503948e+01
2.20000 -1.71591635519890438107e+01
2.21000 -1.70868366071084585005e+01
2.22000 -1.78522658729432623006e+01
2.23000 -1.75429489206512543176e+01
2.24000 -1.75749964088796229340e+01
2.25000 -1.72803019309611412477e+01
2.26000 -1.72890827124484938119e+01
2.27000 -1.81807005822155756860e+01
2.28000 -1.70450537655852127593e+01
2.29000 -1.72965323093879602533e+01
2.30000 -1.75414342562778939605e+01
2.31000 -1.73308079065052101607e+01
2.32000 -1.74194055922367060877e+01
2.33000 -1.81197734417652521095e+01
2.34000 -1.71647981845166093858e+01
2.35000 -1.76203434712660019449e+01
2.36000 -1.86177978407918194772e+01
2.37000 -1.80695851807110150055e+01
2.38000 -1.74132953693705792297e+01
2.39000 -1.74879233781606704557e+01
2.40000 -1.87720341015829628936e+01
2.41000 -1.77313931344790584408e+01
2.42000 -1.69715522187561206526e+01
2.43000 -1.82177775255129780537e+01
2.44000 -1.67120281491466745587e+01
2.45000 -1.67747927383643294329e+01
2.46000 -1.70818109330159141404e+01
2.47000 -1.81403785293861840536e+01
2.48000 -1.74355620711710476902e+01
2.49000 -1.74501628032480801574e+01
2.50000 -1.69370849485560236360e+01
2.51000 -1.71027204655466580005e+01
2.52000 -1.70406803181497800790e+01
2.53000 -1.68985692194428713912e+01
2.54000 -1.69893239388155598089e+01
2.55000 -1.70806219675172974281e+01
2.56000 -1.72675768574571285655e+01
2.57000 -1.74923051677873414300e+01
2.58000 -1.83762080451694353265e+01
2.59000 -1.73326683646903821085e+01
2.60000 -1.86574887141362283725e+01
2.61000 -1.69132282503261790561e+01
2.62000 -1.72198518042673341475e+01
2.63000 -1.70908663498043161336e+01
2.64000 -1.72426914144689154926e+01
2.65000 -1.68312935249136285086e+01
2.66000 -1.70502393854981168717e+01
2.67000 -1.72842867734246966836e+01
2.68000 -1.70469670706392561893e+01
2.69000 -1.68801453036041268600e+01
2.70000 -1.69831576405361662080e+01
2.71000 -1.69395027351984440497e+01
2.72000 -1.65043998998031767253e+01
2.73000 -1.87431981951858416501e+01
2.74000 -1.78212626974205713970e+01
2.75000 -1.65149504245797825279e+01
2.76000 -1.70281630372404992925e+01
2.77000 -1.67865550711204311058e+01
2.78000 -1.68267645199353407179e+01
2.79000 -1.80499344959170750918e+01
2.80000 -1.67951480270486402692e+01
2.81000 -1.65985156454479734472e+01
2.82000 -1.69771506418503667583e+01
2.83000 -1.72579775853759854968e+01
2.84000 -1.67926163306372169867e+01
2.85000 -1.64897164614156388519e+01
2.86000 -1.76673151838130999772e+01
2.87000 -1.64956971751842532761e+01
2.88000 -1.66451904679470334726e+01
2.89000 -1.68993615319073890498e+01
2.90000 -1.67024764745087678265e+01
2.91000 -1.64896318932483408378e+01
2.92000 -1.71524094954319474282e+01
2.93000 -1.65847792057928179899e+01
2.94000 -1.68854131782015165573e+01
2.95000 -1.65952265918472275773e+01
2.96000 -1.67412863125577801044e+01
2.97000 -1.67564427510319191479e+01
2.98000 -1.69088842486246121316e+01
2.99000 -1.70117920678021227101e+01
3.00000 -1.84517604290566976342e+01
