-10.00000 inf
-9.99000 inf
-9.98000 inf
-9.97000 inf
-9.96000 inf
-9.95000 inf
-9.94000 inf
-9.93000 inf
-9.92000 inf
-9.91000 inf
-9.90000 inf
-9.89000 inf
-9.88000 inf
-9.87000 inf
-9.86000 inf
-9.85000 inf
-9.84000 inf
-9.83000 inf
-9.82000 inf
-9.81000 inf
-9.80000 inf
-9.79000 inf
-9.78000 inf
-9.77000 inf
-9.76000 inf
-9.75000 inf
-9.74000 inf
-9.73000 inf
-9.72000 inf
-9.71000 inf
-9.70000 inf
-9.69000 inf
-9.68000 inf
-9.67000 inf
-9.66000 inf
-9.65000 inf
-9.64000 inf
-9.63000 inf
-9.62000 inf
-9.61000 inf
-9.60000 inf
-9.59000 inf
-9.58000 inf
-9.57000 inf
-9.56000 inf
-9.55000 inf
-9.54000 inf
-9.53000 inf
-9.52000 inf
-9.51000 inf
-9.50000 inf
-9.49000 inf
-9.48000 inf
-9.47000 inf
-9.46000 inf
-9.45000 inf
-9.44000 inf
-9.43000 inf
-9.42000 inf
-9.41000 inf
-9.40000 inf
-9.39000 inf
-9.38000 inf
-9.37000 inf
-9.36000 inf
-9.35000 inf
-9.34000 inf
-9.33000 inf
-9.32000 inf
-9.31000 inf
-9.30000 inf
-9.29000 inf
-9.28000 inf
-9.27000 inf
-9.26000 inf
-9.25000 inf
-9.24000 inf
-9.23000 inf
-9.22000 inf
-9.21000 inf
-9.20000 inf
-9.19000 inf
-9.18000 inf
-9.17000 inf
-9.16000 inf
-9.15000 inf
-9.14000 inf
-9.13000 inf
-9.12000 inf
-9.11000 inf
-9.10000 inf
-9.09000 inf
-9.08000 inf
-9.07000 inf
-9.06000 inf
-9.05000 inf
-9.04000 inf
-9.03000 inf
-9.02000 inf
-9.01000 inf
-9.00000 inf
-8.99000 inf
-8.98000 inf
-8.97000 inf
-8.96000 inf
-8.95000 inf
-8.94000 inf
-8.93000 inf
-8.92000 inf
-8.91000 inf
-8.90000 inf
-8.89000 inf
-8.88000 inf
-8.87000 inf
-8.86000 inf
-8.85000 inf
-8.84000 inf
-8.83000 inf
-8.82000 inf
-8.81000 inf
-8.80000 inf
-8.79000 inf
-8.78000 inf
-8.77000 inf
-8.76000 inf
-8.75000 inf
-8.74000 inf
-8.73000 inf
-8.72000 inf
-8.71000 inf
-8.70000 inf
-8.69000 inf
-8.68000 inf
-8.67000 inf
-8.66000 inf
-8.65000 inf
-8.64000 inf
-8.63000 inf
-8.62000 inf
-8.61000 inf
-8.60000 inf
-8.59000 inf
-8.58000 inf
-8.57000 inf
-8.56000 inf
-8.55000 inf
-8.54000 inf
-8.53000 inf
-8.52000 inf
-8.51000 inf
-8.50000 inf
-8.49000 inf
-8.48000 inf
-8.47000 inf
-8.46000 inf
-8.45000 inf
-8.44000 inf
-8.43000 inf
-8.42000 inf
-8.41000 inf
-8.40000 inf
-8.39000 inf
-8.38000 inf
-8.37000 inf
-8.36000 inf
-8.35000 inf
-8.34000 inf
-8.33000 inf
-8.32000 inf
-8.31000 inf
-8.30000 inf
-8.29000 inf
-8.28000 inf
-8.27000 inf
-8.26000 inf
-8.25000 inf
-8.24000 inf
-8.23000 inf
-8.22000 inf
-8.21000 inf
-8.20000 inf
-8.19000 inf
-8.18000 inf
-8.17000 inf
-8.16000 inf
-8.15000 inf
-8.14000 inf
-8.13000 inf
-8.12000 inf
-8.11000 inf
-8.10000 inf
-8.09000 inf
-8.08000 inf
-8.07000 inf
-8.06000 inf
-8.05000 inf
-8.04000 inf
-8.03000 inf
-8.02000 inf
-8.01000 inf
-8.00000 inf
-7.99000 inf
-7.98000 inf
-7.97000 inf
-7.96000 inf
-7.95000 inf
-7.94000 inf
-7.93000 inf
-7.92000 inf
-7.91000 inf
-7.90000 inf
-7.89000 inf
-7.88000 inf
-7.87000 inf
-7.86000 inf
-7.85000 inf
-7.84000 inf
-7.83000 inf
-7.82000 inf
-7.81000 inf
-7.80000 inf
-7.79000 inf
-7.78000 inf
-7.77000 inf
-7.76000 inf
-7.75000 inf
-7.74000 inf
-7.73000 inf
-7.72000 inf
-7.71000 inf
-7.70000 inf
-7.69000 inf
-7.68000 inf
-7.67000 inf
-7.66000 -3.25560173955535658852e-01
-7.65000 -3.61692602199360890847e-01
-7.64000 -4.04067001468901065842e-01
-7.63000 -4.54588830890924167072e-01
-7.62000 -5.16164474058848909976e-01
-7.61000 -5.93553728489420562298e-01
-7.60000 -6.95382302539507723971e-01
-7.59000 -8.39945100256761723045e-01
-7.58000 -1.07892802186030256628e+00
-7.57000 -1.74894488863555563896e+00
-7.56000 -1.28051666263003038893e+00
-7.55000 -8.93854751780796208394e-01
-7.54000 -6.81231637190070959953e-01
-7.53000 -5.30535240960158027690e-01
-7.52000 -5.13822931323554166205e-01
-7.51000 -5.90557577445537273952e-01
-7.50000 -6.91328498643293154480e-01
-7.49000 -8.33899662047686729416e-01
-7.48000 -1.06776343437642018408e+00
-7.47000 -1.69566751344408639390e+00
-7.46000 -1.30167900717377271746e+00
-7.45000 -9.03036950210931332883e-01
-7.44000 -6.87239792678111971469e-01
-7.43000 -5.35077935344847710475e-01
-7.42000 -4.15588315754662207535e-01
-7.41000 -3.15999861964721073804e-01
-7.40000 -6.87321654475630205994e-01
-7.39000 -8.27951250913248504304e-01
-7.38000 -1.05690414534994459039e+00
-7.37000 -1.64832408607812652690e+00
-7.36000 -1.32387154356644121123e+00
-7.35000 -9.12395024785495722952e-01
-7.34000 -6.93317700631499111985e-01
-7.33000 -8.51049023310307517498e-01
-7.32000 -1.09978768638109736244e+00
-7.31000 -1.86530923795118508401e+00
-7.30000 -1.24482712611253543145e+00
-7.29000 -8.77793093445139893660e-01
-7.28000 -1.04633456949768377520e+00
-7.27000 -1.60573442682674838444e+00
-7.26000 -1.34720256495260293228e+00
-7.25000 -9.21936287243792618185e-01
-7.24000 -1.39595701310163411435e+00
-7.23000 -1.54572874799368920051e+00
-7.22000 -1.08803183296775007882e+00
-7.21000 -1.79662277852079155238e+00
-7.20000 -1.26436683146504336150e+00
-7.19000 -8.86676610532898590300e-01
-7.18000 -1.03604028456515528944e+00
-7.17000 -1.56703879965025305587e+00
-7.16000 -1.37179838817346211322e+00
-7.15000 -9.31668514431979843948e-01
-7.14000 -1.37205362760506455189e+00
-7.13000 -1.58459061942908130405e+00
-7.12000 -1.00258394032118358652e+00
-7.11000 -1.73746194484884308729e+00
-7.10000 -1.28477762673223927514e+00
-7.09000 -1.47003684794641453770e+00
-7.08000 -1.45327748473661788609e+00
-7.07000 -1.53159147036230081085e+00
-7.06000 -1.39780758959182094259e+00
-7.05000 -2.02556601152140869360e+00
-7.04000 -1.34944981900658778073e+00
-7.03000 -1.62716855367733193027e+00
-7.02000 -2.53657814818535642942e+00
-7.01000 -1.68551869000935883314e+00
-7.00000 -1.50432470826091502225e+00
-6.99000 -1.42055212305941269690e+00
-6.98000 -1.48462535376392223974e+00
-6.97000 -1.48346754472421293869e+00
-6.96000 -1.62923355019569893187e+00
-6.95000 -1.92904567681808303270e+00
-6.94000 -2.49885115510630217983e+00
-6.93000 -1.67426096545846747610e+00
-6.92000 -2.27828816263262101671e+00
-6.91000 -1.63923388398549318978e+00
-6.90000 -1.47360754035863505962e+00
-6.89000 -1.44962673300467814741e+00
-6.88000 -1.51832998423683140921e+00
-6.87000 -1.51708183538921814737e+00
-6.86000 -1.58843232257125266393e+00
-6.85000 -1.85029539351959093629e+00
-6.84000 -3.10001508019260674232e+00
-6.83000 -1.72695488294950316721e+00
-6.82000 -2.11775086479148955121e+00
-6.81000 -1.76659164589721684457e+00
-6.80000 -2.57334052371337040910e+00
-6.79000 -2.28378314433251228266e+00
-6.78000 -2.12097524864105579923e+00
-6.77000 -2.28417919916680212111e+00
-6.76000 -2.87071901016605535162e+00
-6.75000 -1.93366589458580184768e+00
-6.74000 -2.80232711748107421457e+00
-6.73000 -2.07313728599530122665e+00
-6.72000 -2.00104605124407486372e+00
-6.71000 -2.16224392420950373150e+00
-6.70000 -3.52908716717769932458e+00
-6.69000 -2.12153131232890279634e+00
-6.68000 -2.12783459401262886601e+00
-6.67000 -2.12180321371546565246e+00
-6.66000 -2.98914849253450398692e+00
-6.65000 -2.30442529456034783664e+00
-6.64000 -2.40433498153527835939e+00
-6.63000 -2.84972988103989610664e+00
-6.62000 -1.97272699589324673752e+00
-6.61000 -2.03455394050451321419e+00
-6.60000 -2.68323287874089189131e+00
-6.59000 -2.05695428882635500401e+00
-6.58000 -2.29553495569479215632e+00
-6.57000 -2.19888668375914209108e+00
-6.56000 -2.46958064317453729331e+00
-6.55000 -2.16348498098608077456e+00
-6.54000 -2.20058794951384317784e+00
-6.53000 -3.01828361585352933361e+00
-6.52000 -2.47689482969893193243e+00
-6.51000 -3.02044627166537793528e+00
-6.50000 -2.35283900656320321687e+00
-6.49000 -2.51940084252883522709e+00
-6.48000 -2.57140710987116039021e+00
-6.47000 -2.40428981914389705565e+00
-6.46000 -2.73585484333933193213e+00
-6.45000 -2.57740348792718343418e+00
-6.44000 -2.67990469601279368561e+00
-6.43000 -2.54284806273956087708e+00
-6.42000 -4.28896957775258780288e+00
-6.41000 -2.68468854570114112690e+00
-6.40000 -2.74350189284105416831e+00
-6.39000 -3.14493562690185468611e+00
-6.38000 -3.51197038835866459650e+00
-6.37000 -2.80582956680776574032e+00
-6.36000 -3.27080105340047566642e+00
-6.35000 -2.83335663818000682568e+00
-6.34000 -2.94074568992257479039e+00
-6.33000 -3.31020250390606696200e+00
-6.32000 -2.63496970179481637686e+00
-6.31000 -3.51303606860690154079e+00
-6.30000 -3.06560620813312301181e+00
-6.29000 -2.79074204243282508742e+00
-6.28000 -2.68572385245473022053e+00
-6.27000 -3.09216657916091808289e+00
-6.26000 -3.03778329114615042172e+00
-6.25000 -3.56011926510576470761e+00
-6.24000 -3.71968193391524026836e+00
-6.23000 -2.91046401692767320313e+00
-6.22000 -2.95631163807047103731e+00
-6.21000 -4.55618155886014530864e+00
-6.20000 -2.99279283214422209269e+00
-6.19000 -3.12283815856334756589e+00
-6.18000 -4.39675060184471533375e+00
-6.17000 -3.03318021135892035289e+00
-6.16000 -3.33511540147739715678e+00
-6.15000 -3.06582598300927866575e+00
-6.14000 -3.10966487829719051561e+00
-6.13000 -3.38144898325029785724e+00
-6.12000 -3.72554252362145543742e+00
-6.11000 -3.43190775907965361924e+00
-6.10000 -4.05155257888313791170e+00
-6.09000 -3.37828083024466341300e+00
-6.08000 -3.68472414213549326334e+00
-6.07000 -3.38068391667409606782e+00
-6.06000 -4.93074087970340535492e+00
-6.05000 -3.45232916998764816086e+00
-6.04000 -4.10493273107592759885e+00
-6.03000 -3.41267913509386788817e+00
-6.02000 -3.13869743412685231476e+00
-6.01000 -3.19247265368436217159e+00
-6.00000 -4.11007230305636017675e+00
-5.99000 -3.38034463086484127103e+00
-5.98000 -3.43376318144758840845e+00
-5.97000 -3.51360460325105794510e+00
-5.96000 -3.36160981888004695151e+00
-5.95000 -3.65398156411243046904e+00
-5.94000 -3.65241756779472126482e+00
-5.93000 -3.43970016693086177995e+00
-5.92000 -3.74762597223527205159e+00
-5.91000 -3.53908957644683219712e+00
-5.90000 -3.60116084647727685564e+00
-5.89000 -3.75884933164544721151e+00
-5.88000 -4.53360846557207874952e+00
-5.87000 -5.51874444840947653290e+00
-5.86000 -4.05693187572501923199e+00
-5.85000 -3.96662867480077041549e+00
-5.84000 -4.32089579147164393191e+00
-5.83000 -4.32588098574608181934e+00
-5.82000 -4.94743042331886417884e+00
-5.81000 -4.14543958327361039551e+00
-5.80000 -3.95613431718411678872e+00
-5.79000 -3.88114874767710249515e+00
-5.78000 -3.91582220148308923768e+00
-5.77000 -4.43516874314503439791e+00
-5.76000 -3.96795591024759719545e+00
-5.75000 -5.16471241882569920278e+00
-5.74000 -3.98762323126467244094e+00
-5.73000 -4.21911022401154056638e+00
-5.72000 -4.61438946300620944641e+00
-5.71000 -4.01438335929475975661e+00
-5.70000 -4.61528185825017889243e+00
-5.69000 -3.83638861673811382147e+00
-5.68000 -4.94025381667657370599e+00
-5.67000 -4.14871150750510686578e+00
-5.66000 -4.25447005931469313111e+00
-5.65000 -3.95893402067234090325e+00
-5.64000 -4.23133851342828304354e+00
-5.63000 -4.16771840644794444586e+00
-5.62000 -4.36638678388255652152e+00
-5.61000 -4.35545447254510698087e+00
-5.60000 -5.20678801832987048215e+00
-5.59000 -4.79388586122570981018e+00
-5.58000 -4.95944269709989615791e+00
-5.57000 -4.51577299701474199622e+00
-5.56000 -5.65131895819662855018e+00
-5.55000 -5.23408833917028015748e+00
-5.54000 -4.82839235480081185869e+00
-5.53000 -4.53897334148554776334e+00
-5.52000 -4.60539142569381620973e+00
-5.51000 -5.10887725755183197407e+00
-5.50000 -4.42138420430817635776e+00
-5.49000 -4.47408571090905127221e+00
-5.48000 -4.79266944547536777321e+00
-5.47000 -5.12575756621470812746e+00
-5.46000 -5.29397355134189773196e+00
-5.45000 -4.68442499401447243201e+00
-5.44000 -4.62748899212294784178e+00
-5.43000 -4.77574920564991423078e+00
-5.42000 -5.28693358762039622434e+00
-5.41000 -4.46395178414331450512e+00
-5.40000 -5.40169865459931042295e+00
-5.39000 -5.57898454538822541338e+00
-5.38000 -4.56990323599018832823e+00
-5.37000 -5.00027962611947351945e+00
-5.36000 -4.86698416470511840970e+00
-5.35000 -4.80172432481412236882e+00
-5.34000 -5.47748025317617770469e+00
-5.33000 -5.13428830845756412060e+00
-5.32000 -5.26518796615888540202e+00
-5.31000 -5.37931529684356757315e+00
-5.30000 -4.94698527051430314572e+00
-5.29000 -5.44439014589125847010e+00
-5.28000 -5.08344421123856893274e+00
-5.27000 -4.96275508390314623597e+00
-5.26000 -5.54366295891969151910e+00
-5.25000 -4.98422101272813211637e+00
-5.24000 -5.39580030880630001633e+00
-5.23000 -5.11004153016032081069e+00
-5.22000 -4.98140635722463631652e+00
-5.21000 -5.21430244465492442885e+00
-5.20000 -5.39027409904034371380e+00
-5.19000 -5.96599652502005994847e+00
-5.18000 -5.31268715182406925379e+00
-5.17000 -5.33438640009166409328e+00
-5.16000 -5.79456691622862862801e+00
-5.15000 -6.16611155645946507065e+00
-5.14000 -6.03344168424934501616e+00
-5.13000 -5.44094468041355838750e+00
-5.12000 -5.74181959601801228388e+00
-5.11000 -6.46674118548136789286e+00
-5.10000 -5.61120029324815838834e+00
-5.09000 -5.12439160760025469443e+00
-5.08000 -5.27964229313839794600e+00
-5.07000 -5.40081311128567165269e+00
-5.06000 -5.43704064412814869200e+00
-5.05000 -5.21122116719998995649e+00
-5.04000 -5.72905838825579749596e+00
-5.03000 -5.29221607454253639702e+00
-5.02000 -5.44581190432487183273e+00
-5.01000 -6.72502987169397314915e+00
-5.00000 -5.43069892239693619018e+00
-4.99000 -5.99259147672076775137e+00
-4.98000 -5.47457935494592451420e+00
-4.97000 -6.16120578084702241739e+00
-4.96000 -5.48109604734237265689e+00
-4.95000 -5.92343363818707402402e+00
-4.94000 -6.01471688345394461805e+00
-4.93000 -6.51224272360841549556e+00
-4.92000 -5.60479147252673026713e+00
-4.91000 -6.66944168664066427965e+00
-4.90000 -6.07758810383685244005e+00
-4.89000 -5.78632786617574446097e+00
-4.88000 -5.74681150640259463813e+00
-4.87000 -5.95386472725200111000e+00
-4.86000 -5.92998615189254962843e+00
-4.85000 -6.66036051895191594241e+00
-4.84000 -6.18963917916447581291e+00
-4.83000 -6.97887526365850785481e+00
-4.82000 -6.35741381929874371792e+00
-4.81000 -6.39100004502097096548e+00
-4.80000 -6.08135903563761459623e+00
-4.79000 -6.38934380897491926987e+00
-4.78000 -5.87876451379075248838e+00
-4.77000 -5.84310574139520877424e+00
-4.76000 -5.94088480160337972791e+00
-4.75000 -6.41298955930561298544e+00
-4.74000 -8.62527210540310029785e+00
-4.73000 -6.25135921062242694290e+00
-4.72000 -6.16955907270356807004e+00
-4.71000 -6.12305021758515355401e+00
-4.70000 -5.91444682593260928627e+00
-4.69000 -7.44583908857304166418e+00
-4.68000 -6.48190724158989173276e+00
-4.67000 -6.54960215455751715297e+00
-4.66000 -6.19465242358531131828e+00
-4.65000 -6.21119415570723099052e+00
-4.64000 -6.31795469350033478406e+00
-4.63000 -6.94195919020026686042e+00
-4.62000 -6.51643648472431902263e+00
-4.61000 -6.87897090250640008691e+00
-4.60000 -6.69554040587720855626e+00
-4.59000 -6.29091016794483604002e+00
-4.58000 -6.71505909441670034710e+00
-4.57000 -6.58666476461750782789e+00
-4.56000 -6.54367818990238880872e+00
-4.55000 -6.41459853495472120954e+00
-4.54000 -6.38907189643522688272e+00
-4.53000 -6.44996336907507394898e+00
-4.52000 -6.54415459682401934316e+00
-4.51000 -6.31571804268338521382e+00
-4.50000 -7.53801968082043405417e+00
-4.49000 -6.24319083681971154220e+00
-4.48000 -6.35528980912880303578e+00
-4.47000 -6.76840772158400572067e+00
-4.46000 -6.54936098052046666851e+00
-4.45000 -6.59512004986230770953e+00
-4.44000 -6.68593567612364036989e+00
-4.43000 -6.54513042403848555040e+00
-4.42000 -7.85616789917052837922e+00
-4.41000 -6.78321095670102103270e+00
-4.40000 -7.00297091385233994032e+00
-4.39000 -6.63663031707489814437e+00
-4.38000 -7.73579140466266768073e+00
-4.37000 -7.37755666313622793240e+00
-4.36000 -6.98637748819595927330e+00
-4.35000 -6.74421042980526586064e+00
-4.34000 -7.12256866197337235036e+00
-4.33000 -6.72484672835004992919e+00
-4.32000 -6.87957550991691046960e+00
-4.31000 -7.64696280896650737446e+00
-4.30000 -8.29467527113585312293e+00
-4.29000 -7.64512267044723792253e+00
-4.28000 -7.02304239619945658291e+00
-4.27000 -6.88658176165921176448e+00
-4.26000 -7.09600930827346498830e+00
-4.25000 -7.08880345437665315700e+00
-4.24000 -7.46220413918367153627e+00
-4.23000 -8.36487986723318854843e+00
-4.22000 -7.51906429937809495101e+00
-4.21000 -6.85882966980685893077e+00
-4.20000 -7.60390055244989504502e+00
-4.19000 -6.89684613367303356313e+00
-4.18000 -7.12935607572116225583e+00
-4.17000 -6.97551316696725098865e+00
-4.16000 -8.05118713848598410721e+00
-4.15000 -6.96268251416911088114e+00
-4.14000 -7.15104800598300194281e+00
-4.13000 -7.51914066451948848169e+00
-4.12000 -7.36964733442520536499e+00
-4.11000 -8.22163041256162863135e+00
-4.10000 -7.83671510835838969200e+00
-4.09000 -7.21033425133051419920e+00
-4.08000 -7.61510556607889554925e+00
-4.07000 -7.75361659287568460996e+00
-4.06000 -7.43155495606338156733e+00
-4.05000 -7.26601991807013813940e+00
-4.04000 -7.36232922074571671800e+00
-4.03000 -9.04526383872080153026e+00
-4.02000 -7.46458335497359648514e+00
-4.01000 -7.83674600742609150927e+00
-4.00000 -7.50030112330948295352e+00
-3.99000 -7.52075071197633260311e+00
-3.98000 -7.60603569922874633846e+00
-3.97000 -7.52979202228923316653e+00
-3.96000 -7.54442812926373296278e+00
-3.95000 -7.81014482384447727981e+00
-3.94000 -9.53263032772799867587e+00
-3.93000 -8.22742345291048593481e+00
-3.92000 -8.29590060120395911269e+00
-3.91000 -8.45299631160212783243e+00
-3.90000 -7.72916219000886250967e+00
-3.89000 -7.43069522864573617227e+00
-3.88000 -7.80248836826597713667e+00
-3.87000 -7.74438614047080786662e+00
-3.86000 -7.52096952047274935893e+00
-3.85000 -7.87920734224914287580e+00
-3.84000 -7.58737945496501176024e+00
-3.83000 -8.47027319967449443538e+00
-3.82000 -8.11974534922250690272e+00
-3.81000 -7.86398120864358940452e+00
-3.80000 -7.87322319270196491203e+00
-3.79000 -7.99701879818336358596e+00
-3.78000 -8.37633242532663935265e+00
-3.77000 -8.22871777253145708642e+00
-3.76000 -8.64708262837300978276e+00
-3.75000 -7.92159263633292454188e+00
-3.74000 -9.13620787467671924276e+00
-3.73000 -8.32586748029303791441e+00
-3.72000 -8.17154411140237790789e+00
-3.71000 -8.03385359132987275643e+00
-3.70000 -8.10767282206665385047e+00
-3.69000 -9.48362522277780151114e+00
-3.68000 -8.15686765548113967839e+00
-3.67000 -8.51182803545055044481e+00
-3.66000 -8.35959588877395631812e+00
-3.65000 -8.43713564172549546072e+00
-3.64000 -8.31453579075412818611e+00
-3.63000 -8.69061898483159289697e+00
-3.62000 -8.99482161338474028867e+00
-3.61000 -8.08570923602958835374e+00
-3.60000 -8.16985072678093615650e+00
-3.59000 -8.68468984448342240512e+00
-3.58000 -8.79034692827558217232e+00
-3.57000 -8.36706118946293031513e+00
-3.56000 -8.21714326504276115770e+00
-3.55000 -8.46852524297987407920e+00
-3.54000 -8.57857862020960482141e+00
-3.53000 -8.42218168933247923746e+00
-3.52000 -9.07625833421407435253e+00
-3.51000 -8.49979820007317776742e+00
-3.50000 -8.51354299237495304453e+00
-3.49000 -9.51769055878955505534e+00
-3.48000 -8.91440337083233025339e+00
-3.47000 -9.25082926101265101693e+00
-3.46000 -8.49267326473280981247e+00
-3.45000 -9.66086644513109149557e+00
-3.44000 -8.70920039742590645915e+00
-3.43000 -9.94505261598858858463e+00
-3.42000 -9.06931303908763197796e+00
-3.41000 -8.58838294597096130190e+00
-3.40000 -8.96167994670435597016e+00
-3.39000 -8.86895642015148943926e+00
-3.38000 -9.10105599725227776275e+00
-3.37000 -9.21699769271786273350e+00
-3.36000 -1.00112501002706171249e+01
-3.35000 -9.49791042485664505080e+00
-3.34000 -9.21824601941597521204e+00
-3.33000 -9.40033216974175722669e+00
-3.32000 -9.04259932328190352280e+00
-3.31000 -9.39408284080269062599e+00
-3.30000 -8.65898829639850475814e+00
-3.29000 -9.29414949628312569985e+00
-3.28000 -9.34311298031314763080e+00
-3.27000 -1.01957467285529617129e+01
-3.26000 -9.03633976506796088302e+00
-3.25000 -9.65837291735005543103e+00
-3.24000 -9.49400806341369474239e+00
-3.23000 -8.82668831130379594185e+00
-3.22000 -9.39960904360831150939e+00
-3.21000 -9.57355757527616546554e+00
-3.20000 -9.24074461942652369828e+00
-3.19000 -9.77157743786410470932e+00
-3.18000 -9.12219230993618346304e+00
-3.17000 -8.98826148529527024778e+00
-3.16000 -9.08785234676300923695e+00
-3.15000 -9.76108225979326427080e+00
-3.14000 -9.10603174061858666732e+00
-3.13000 -1.06081624514737313802e+01
-3.12000 -9.44914510199081369990e+00
-3.11000 -9.74411445931780839658e+00
-3.10000 -9.43426097281939668449e+00
-3.09000 -9.77689861113034019979e+00
-3.08000 -9.55448956179915853681e+00
-3.07000 -9.50693226156701420848e+00
-3.06000 -9.58575081956954555551e+00
-3.05000 -9.67881785277745443352e+00
-3.04000 -9.48562318130797521576e+00
-3.03000 -1.14365234969866609305e+01
-3.02000 -9.43342367390460978527e+00
-3.01000 -9.30523746088668524123e+00
-3.00000 -9.66896853762445296354e+00
-2.99000 -9.76913910720894662632e+00
-2.98000 -9.53285900429907862019e+00
-2.97000 -9.76605947701031240626e+00
-2.96000 -9.65360035685271355987e+00
-2.95000 -9.85188648777211817276e+00
-2.94000 -9.66117635637792204761e+00
-2.93000 -9.77642951632079615365e+00
-2.92000 -9.61235305480543011925e+00
-2.91000 -9.88599538550473688758e+00
-2.90000 -9.71068099349297852996e+00
-2.89000 -1.06335508414274766409e+01
-2.88000 -9.79581395253293152336e+00
-2.87000 -1.06664545727021824462e+01
-2.86000 -9.93777735127554251449e+00
-2.85000 -9.69185442152594944787e+00
-2.84000 -1.08597204716329613916e+01
-2.83000 -1.05240180614944858206e+01
-2.82000 -9.78041909886344384972e+00
-2.81000 -1.02838198727529004373e+01
-2.80000 -9.84628013488288367228e+00
-2.79000 -1.04167467009936451916e+01
-2.78000 -1.02316269014411975746e+01
-2.77000 -1.03033204183204798454e+01
-2.76000 -1.06697102436976685169e+01
-2.75000 -1.00966176949966719434e+01
-2.74000 -1.02527230765856973704e+01
-2.73000 -1.01914021274051780352e+01
-2.72000 -1.00318803186350340440e+01
-2.71000 -1.27493853236857805911e+01
-2.70000 -1.00749296453736736368e+01
-2.69000 -1.04923534491494123699e+01
-2.68000 -9.93847015041820114334e+00
-2.67000 -1.02578341244866120263e+01
-2.66000 -9.90695154567396052414e+00
-2.65000 -1.18590019144408369556e+01
-2.64000 -1.00751044058169121342e+01
-2.63000 -1.04741946048429515059e+01
-2.62000 -1.09159774301928838014e+01
-2.61000 -1.04172718456705855061e+01
-2.60000 -1.00982075920208274056e+01
-2.59000 -1.11135556862092368391e+01
-2.58000 -1.01889084015689235230e+01
-2.57000 -1.09569498911214324721e+01
-2.56000 -1.04659260998533021336e+01
-2.55000 -1.03393457169489035863e+01
-2.54000 -1.13288142751281721843e+01
-2.53000 -1.08685324380666408217e+01
-2.52000 -1.05560367721987855560e+01
-2.51000 -1.05092376037721795257e+01
-2.50000 -1.11698225295071811303e+01
-2.49000 -1.05620491044256485935e+01
-2.48000 -1.06928224605888733123e+01
-2.47000 -1.07724174791008397989e+01
-2.46000 -1.06818060179540985644e+01
-2.45000 -1.09110857522358095650e+01
-2.44000 -1.08960837449052636572e+01
-2.43000 -1.07370818380865795660e+01
-2.42000 -1.08063107925076948845e+01
-2.41000 -1.15028490467257356045e+01
-2.40000 -1.05230471552803432900e+01
-2.39000 -1.09966231522313631075e+01
-2.38000 -1.05724498280201046896e+01
-2.37000 -1.14623459783712018378e+01
-2.36000 -1.05619644985170388907e+01
-2.35000 -1.08130141536244863687e+01
-2.34000 -1.08598143229944454902e+01
-2.33000 -1.10934493334347461513e+01
-2.32000 -1.10710243581915861455e+01
-2.31000 -1.06868075895757090876e+01
-2.30000 -1.07893508356971636886e+01
-2.29000 -1.09469608897787775703e+01
-2.28000 -1.34007061454739844208e+01
-2.27000 -1.14759072365693057804e+01
-2.26000 -1.09495888801180445427e+01
-2.25000 -1.12003478054089562477e+01
-2.24000 -1.08985040373025352523e+01
-2.23000 -1.09610073114573776110e+01
-2.22000 -1.10903390305360911583e+01
-2.21000 -1.11793208249696824907e+01
-2.20000 -1.14857543752795550063e+01
-2.19000 -1.13968651713085069588e+01
-2.18000 -1.12986919955438942509e+01
-2.17000 -1.17287369668185075255e+01
-2.16000 -1.20074492132161942948e+01
-2.15000 -1.17912483762585669211e+01
-2.14000 -1.18110117984271578706e+01
-2.13000 -1.12976570992797782367e+01
-2.12000 -1.17159152773552968085e+01
-2.11000 -1.24494384834296756281e+01
-2.10000 -1.10624659588965457147e+01
-2.09000 -1.11832728331087043472e+01
-2.08000 -1.13440239156305011647e+01
-2.07000 -1.13414443429817648479e+01
-2.06000 -1.16466003058018614524e+01
-2.05000 -1.12489808819247159022e+01
-2.04000 -1.13756738261349212848e+01
-2.03000 -1.13352440660298139363e+01
-2.02000 -1.16205162250440778848e+01
-2.01000 -1.13526362923176655784e+01
-2.00000 -1.14702308064532374487e+01
-1.99000 -1.13155793928572947493e+01
-1.98000 -1.17858248135968057824e+01
-1.97000 -1.20193319952233856895e+01
-1.96000 -1.34130079155607475627e+01
-1.95000 -1.18536997816160223351e+01
-1.94000 -1.19286669091312980129e+01
-1.93000 -1.17621866023650216704e+01
-1.92000 -1.19988507891812954398e+01
-1.91000 -1.27228621002065871437e+01
-1.90000 -1.19889613615305705707e+01
-1.89000 -1.16545779638907216480e+01
-1.88000 -1.19395197825940826419e+01
-1.87000 -1.17483267835523683686e+01
-1.86000 -1.18100425582637775790e+01
-1.85000 -1.19088713785940978340e+01
-1.84000 -1.21286400901393793816e+01
-1.83000 -1.22525855446385989467e+01
-1.82000 -1.21775932107800528570e+01
-1.81000 -1.20649467607863236651e+01
-1.80000 -1.18243148918951828108e+01
-1.79000 -1.22537073502615143639e+01
-1.78000 -1.18716907561731463971e+01
-1.77000 -1.17953472741854117345e+01
-1.76000 -1.19893344614844004070e+01
-1.75000 -1.17649522457027426725e+01
-1.74000 -1.18252794720568452647e+01
-1.73000 -1.20077371269384478580e+01
-1.72000 -1.18498217194161021837e+01
-1.71000 -1.22921070107365846269e+01
-1.70000 -1.23606308301437444186e+01
-1.69000 -1.24537955450743940133e+01
-1.68000 -1.21141605136385823727e+01
-1.67000 -1.21380734076061234106e+01
-1.66000 -1.26860014049936840053e+01
-1.65000 -1.24698520827563363866e+01
-1.64000 -1.21229645188398222899e+01
-1.63000 -1.24464523009871559367e+01
-1.62000 -1.24851971388301663524e+01
-1.61000 -1.23163870455943893489e+01
-1.60000 -1.28477055246579894288e+01
-1.59000 -1.25714784934772580982e+01
-1.58000 -1.23122091664397483868e+01
-1.57000 -1.23758202548511384578e+01
-1.56000 -1.24105052535528574964e+01
-1.55000 -1.25192060149761950072e+01
-1.54000 -1.27007492699800135227e+01
-1.53000 -1.28797544168313855550e+01
-1.52000 -1.25385955547721916759e+01
-1.51000 -1.27197987376531447268e+01
-1.50000 -1.24121161081167823426e+01
-1.49000 -1.29451161363131426185e+01
-1.48000 -1.26871595417476736856e+01
-1.47000 -1.25767124193792181330e+01
-1.46000 -1.25875806874100319988e+01
-1.45000 -1.27445115831388644523e+01
-1.44000 -1.31956492522565902448e+01
-1.43000 -1.32769528428563177158e+01
-1.42000 -1.25283725576746860497e+01
-1.41000 -1.25204672652674240396e+01
-1.40000 -1.30180416122586528616e+01
-1.39000 -1.25796221788122100094e+01
-1.38000 -1.26973536082642013412e+01
-1.37000 -1.28181468078405362832e+01
-1.36000 -1.26987936070880564898e+01
-1.35000 -1.34921484458242986193e+01
-1.34000 -1.38372731061590528157e+01
-1.33000 -1.41911142701117523046e+01
-1.32000 -1.27898898088333616840e+01
-1.31000 -1.27650473666454136179e+01
-1.30000 -1.29619817076011667467e+01
-1.29000 -1.32157520963417489668e+01
-1.28000 -1.30912071029502712349e+01
-1.27000 -1.29171006465170385979e+01
-1.26000 -1.29111619149872627332e+01
-1.25000 -1.36534911067986453048e+01
-1.24000 -1.30061049004864486278e+01
-1.23000 -1.33230707085382391597e+01
-1.22000 -1.32294164080524989657e+01
-1.21000 -1.30846890055069149383e+01
-1.20000 -1.29263389033025895003e+01
-1.19000 -1.30114996552377828465e+01
-1.18000 -1.47503749998191011628e+01
-1.17000 -1.40911676551714570849e+01
-1.16000 -1.42302099679785012398e+01
-1.15000 -1.35688746658171250914e+01
-1.14000 -1.30164567129348434094e+01
-1.13000 -1.38438807293879850846e+01
-1.12000 -1.32460439157176761427e+01
-1.11000 -1.30881715878938980069e+01
-1.10000 -1.34103847162235005896e+01
-1.09000 -1.53523863122322872243e+01
-1.08000 -1.33427162342346115054e+01
-1.07000 -1.32220387024549488331e+01
-1.06000 -1.41909970550884132479e+01
-1.05000 -1.32677810163754958950e+01
-1.04000 -1.38825271494656323767e+01
-1.03000 -1.33968934429061850011e+01
-1.02000 -1.34438467214975236885e+01
-1.01000 -1.35344266500541881015e+01
-1.00000 -1.36943012375506381062e+01
-0.99000 -1.35118826228865742678e+01
-0.98000 -1.45926238400670680306e+01
-0.97000 -1.36300579999108908424e+01
-0.96000 -1.38898707162967980366e+01
-0.95000 -1.43208479465299127753e+01
-0.94000 -1.36218650589554357566e+01
-0.93000 -1.37038700261748882525e+01
-0.92000 -1.36801180530718884398e+01
-0.91000 -1.36847481662480596754e+01
-0.90000 -1.39050275988326053067e+01
-0.89000 -1.37315129314478934219e+01
-0.88000 -1.45392390713747481357e+01
-0.87000 -1.42299187661328954135e+01
-0.86000 -1.36893581910336727958e+01
-0.85000 -1.36708552860767582615e+01
-0.84000 -1.39329467975202661023e+01
-0.83000 -1.37135654678869158829e+01
-0.82000 -1.43743087315576385521e+01
-0.81000 -1.42058808581184781161e+01
-0.80000 -1.40907214771822530963e+01
-0.79000 -1.44225397156062200565e+01
-0.78000 -1.42136290271547593989e+01
-0.77000 -1.41758122818392209297e+01
-0.76000 -1.52549640152631695855e+01
-0.75000 -1.39204793607040411274e+01
-0.74000 -1.59538707564625212854e+01
-0.73000 -1.41614451822921303403e+01
-0.72000 -1.43974988895508282383e+01
-0.71000 -1.49995217273645842226e+01
-0.70000 -1.42377219888263866210e+01
-0.69000 -1.47232356734133791321e+01
-0.68000 -1.42376385937757170552e+01
-0.67000 -1.47775060108077695986e+01
-0.66000 -1.54764292427153247189e+01
-0.65000 -1.43737179243310411181e+01
-0.64000 -1.45555102278808519145e+01
-0.63000 -1.42812986775733818945e+01
-0.62000 -1.46745867030004877307e+01
-0.61000 -1.47228325012808021199e+01
-0.60000 -1.44760985120644569690e+01
-0.59000 -1.42541852012700331898e+01
-0.58000 -1.42370842586107482219e+01
-0.57000 -1.45550768047045160358e+01
-0.56000 -1.45727314472112787769e+01
-0.55000 -1.41466850977566434011e+01
-0.54000 -1.42806859393493450483e+01
-0.53000 -1.51745474428797475497e+01
-0.52000 -1.44902115813702252467e+01
-0.51000 -1.44611545725668584339e+01
-0.50000 -1.42992060430879828203e+01
-0.49000 -1.44751949888271749245e+01
-0.48000 -1.49522091095916564996e+01
-0.47000 -1.44206180108858372790e+01
-0.46000 -1.47215305394183619825e+01
-0.45000 -1.44333425193674020903e+01
-0.44000 -1.46506976669393491619e+01
-0.43000 -1.45898649619127969146e+01
-0.42000 -1.51733003290560546361e+01
-0.41000 -1.48721224618466774103e+01
-0.40000 -1.47206999485967067187e+01
-0.39000 -1.56499567419545684288e+01
-0.38000 -1.48368736150183515576e+01
-0.37000 -1.47745479403776354133e+01
-0.36000 -1.50473630703685987697e+01
-0.35000 -1.50471681598171524996e+01
-0.34000 -1.59500540549341067731e+01
-0.33000 -inf
-0.32000 -1.49953740683947405188e+01
-0.31000 -1.47189333447645811503e+01
-0.30000 -1.47186879968652153394e+01
-0.29000 -1.56478500189898053208e+01
-0.28000 -1.49486110114714723096e+01
-0.27000 -1.49483293392294278590e+01
-0.26000 -inf
-0.25000 -1.53456655833010700007e+01
-0.24000 -1.54702809497281137396e+01
-0.23000 -1.52480936025394129274e+01
-0.22000 -1.53446490741661598634e+01
-0.21000 -1.56453078345786273928e+01
-0.20000 -1.59459491158426356350e+01
-0.19000 -1.51673908497686511510e+01
-0.18000 -1.51000178824288529000e+01
-0.17000 -1.52456996772613369018e+01
-0.16000 -1.59442024342220225464e+01
-0.15000 -1.54665919379559735347e+01
-0.14000 -1.54660796682843812988e+01
-0.13000 -1.59426645427810260713e+01
-0.12000 -1.59421029188495015916e+01
-0.11000 -1.54643936102392220988e+01
-0.10000 -1.54637778845742825951e+01
-0.09000 -1.56392244462263843019e+01
-0.08000 -1.59395794119320015625e+01
-0.07000 -1.59388726249246008848e+01
-0.06000 -1.59381325897405723424e+01
-0.05000 -1.56363277498652148978e+01
-0.04000 -1.52375764541503517790e+01
-0.03000 -1.52367270141418629237e+01
-0.02000 -1.56337776398458583316e+01
-0.01000 -1.56328464403758111700e+01
0.00000 -1.53308414677937374648e+01
0.01000 -1.56308506567138270071e+01
0.02000 -1.59308118677901280336e+01
0.03000 -1.56286628616400662395e+01
0.04000 -1.59285212682363273018e+01
0.05000 -1.54501733837598447252e+01
0.06000 -1.54488891367748273353e+01
0.07000 -1.54475445763631622498e+01
0.08000 -1.56222281402660652105e+01
0.09000 -inf
0.10000 -1.59202413961485689242e+01
0.11000 -1.56175960351509974799e+01
0.12000 -1.59169348766685629926e+01
0.13000 -1.59151643963138802462e+01
0.14000 -1.56122808935128087882e+01
0.15000 -1.54342492294643580664e+01
0.16000 -1.56083091364732666761e+01
0.17000 -1.59072125977715739253e+01
0.18000 -inf
0.19000 -inf
0.20000 -1.55991865854765876520e+01
0.21000 -inf
0.22000 -1.55939598663240452936e+01
0.23000 -1.58921917885992893815e+01
0.24000 -1.58892629381693737400e+01
0.25000 -inf
0.26000 -1.55819584337166556764e+01
0.27000 -1.58796298375685367432e+01
0.28000 -1.58761145781454313664e+01
0.29000 -inf
0.30000 -1.55675548754501118509e+01
0.31000 -1.58645550116148719155e+01
0.32000 -1.58603376336969770222e+01
0.33000 -1.58559241506504662311e+01
0.34000 -1.58513055976569763317e+01
0.35000 -1.58464726168066096790e+01
0.36000 -1.55403854460444996732e+01
0.37000 -inf
0.38000 -inf
0.39000 -1.58247946256801270692e+01
0.40000 -inf
0.41000 -1.58123942149924179290e+01
0.42000 -inf
0.43000 -1.57988241574540886347e+01
0.44000 -inf
0.45000 -1.54829475444427355768e+01
0.46000 -inf
0.47000 -inf
0.48000 -inf
0.49000 -1.57499814119035566051e+01
0.50000 -inf
0.51000 -1.57305707685529512219e+01
0.52000 -inf
0.53000 -inf
0.54000 -inf
0.55000 -inf
0.56000 -inf
0.57000 -1.53598666113303270464e+01
0.58000 -inf
0.59000 -1.54572013010418611856e+01
0.60000 -1.56185645312688006214e+01
0.61000 -inf
0.62000 -1.52860989534202893481e+01
0.63000 -1.58713979259571189573e+01
0.64000 -1.55528744028719554393e+01
0.65000 -1.58356495548742248758e+01
0.66000 -1.58166037538442356691e+01
0.67000 -inf
0.68000 -inf
0.69000 -1.57544117250090351945e+01
0.70000 -inf
0.71000 -inf
0.72000 -inf
0.73000 -inf
0.74000 -1.59329633490694337894e+01
0.75000 -1.56042994924929860900e+01
0.76000 -1.58765635313662016870e+01
0.77000 -inf
0.78000 -1.55144512032785790723e+01
0.79000 -1.57830859934328469052e+01
0.80000 -inf
0.81000 -1.57143853092893444057e+01
0.82000 -inf
0.83000 -1.54641024015065582375e+01
0.84000 -1.59019623607464382076e+01
0.85000 -1.55601694568277117980e+01
0.86000 -1.58188906964705289226e+01
0.87000 -1.57749912543688939337e+01
0.88000 -1.57294556854901692589e+01
0.89000 -1.56822379443201125326e+01
0.90000 -1.59343213701850547892e+01
0.91000 -1.54064774401583655106e+01
0.92000 -1.53539307484090752354e+01
0.93000 -1.57766327326131694520e+01
0.94000 -1.57202916484970778299e+01
0.95000 -1.51848575639017280281e+01
0.96000 -1.51245223304195199887e+01
0.97000 -1.58402645284627503486e+01
0.98000 -1.52986081950540544483e+01
0.99000 -inf
1.00000 -1.59410981892361398593e+01
1.01000 -1.53927420292975334348e+01
1.02000 -1.51942248188884079241e+01
1.03000 -1.52431847330863217138e+01
1.04000 -1.56418689866397588872e+01
1.05000 -inf
1.06000 -1.54773835871336089554e+01
1.07000 -1.53912138411646850500e+01
1.08000 -inf
1.09000 -1.53356463538552194592e+01
1.10000 -1.52411809039395205190e+01
1.11000 -1.52230002026621491495e+01
1.12000 -1.52195837752342573168e+01
1.13000 -1.54172533499815536118e+01
1.14000 -1.53107879213033495347e+01
1.15000 -1.53260836063598144818e+01
1.16000 -1.56903099360682158903e+01
1.17000 -1.55740872041086397815e+01
1.18000 -1.54544590015109175596e+01
1.19000 -1.54562846237326123600e+01
1.20000 -1.58067265863407442339e+01
1.21000 -1.48312999382724797215e+01
1.22000 -1.58433649916776904121e+01
1.23000 -1.51034206173544038876e+01
1.24000 -1.49104732677950622133e+01
1.25000 -1.54178894007933156018e+01
1.26000 -1.53929369772981647913e+01
1.27000 -1.49378256496856547386e+01
1.28000 -1.49555477939564660517e+01
1.29000 -1.50938210099723750801e+01
1.30000 -1.49265743588163246613e+01
1.31000 -1.51807019824948685738e+01
1.32000 -1.48280681363814235141e+01
1.33000 -1.52030170584923389754e+01
1.34000 -1.48706123890536687782e+01
1.35000 -1.51264560580937423850e+01
1.36000 -1.56289566273111670824e+01
1.37000 -1.52511207829175248207e+01
1.38000 -1.52200694321664364850e+01
1.39000 -1.49104930486014204405e+01
1.40000 -1.50901142609613820866e+01
1.41000 -1.48660113769292401287e+01
1.42000 -1.48401096590879948423e+01
1.43000 -1.49508187613832461693e+01
1.44000 -1.50607251338398917540e+01
1.45000 -1.51131368577003133424e+01
1.46000 -1.51590587283120683537e+01
1.47000 -1.51983395775709961839e+01
1.48000 -1.50547334571608679710e+01
1.49000 -1.58584158431410227053e+01
1.50000 -1.52747710048207459010e+01
1.51000 -1.49848744270478722029e+01
1.52000 -1.45492238025921505340e+01
1.53000 -1.51095523896851418044e+01
1.54000 -1.47967770309223123348e+01
1.55000 -1.47422852977785723283e+01
1.56000 -1.55272987863564857491e+01
1.57000 -1.54910383677463769914e+01
1.58000 -1.46680714059681456263e+01
1.59000 -1.53926523738039318090e+01
1.60000 -1.47560923322167916183e+01
1.61000 -1.51615176516965011189e+01
1.62000 -1.51773510374647990773e+01
1.63000 -1.49105839547832168535e+01
1.64000 -1.51111153364278276712e+01
1.65000 -1.46647730279109858031e+01
1.66000 -1.51807591946619897527e+01
1.67000 -1.47483679586239357917e+01
1.68000 -1.53843874931417818885e+01
1.69000 -1.47541131704621122367e+01
1.70000 -1.47146207667469379743e+01
1.71000 -1.46477933234325625733e+01
1.72000 -1.47030498678406456037e+01
1.73000 -1.50083336696190201565e+01
1.74000 -1.50971313283004047179e+01
1.75000 -1.58722447859970472450e+01
1.76000 -1.47893112440518166295e+01
1.77000 -1.46429605129965878518e+01
1.78000 -1.46793452017916923324e+01
1.79000 -1.47432475155212880935e+01
1.80000 -1.44728052912454092649e+01
1.81000 -1.42682200424893288471e+01
1.82000 -1.42618583094297228797e+01
1.83000 -1.49889876121068503778e+01
1.84000 -1.42381508432594401370e+01
1.85000 -1.45682933867757213875e+01
1.86000 -1.44050129012408358875e+01
1.87000 -1.42372853806877905924e+01
1.88000 -1.46915313644294798223e+01
1.89000 -1.50333341690344770569e+01
1.90000 -1.44030199240872107680e+01
1.91000 -1.44533847918381486153e+01
1.92000 -1.44972671747705579293e+01
1.93000 -1.46101327316002596035e+01
1.94000 -1.41636960059822101243e+01
1.95000 -1.42870735649088373975e+01
1.96000 -1.47657305286787501331e+01
1.97000 -1.49311306676178254804e+01
1.98000 -1.44864833617696557866e+01
1.99000 -1.48871566893050459868e+01
2.00000 -inf
2.01000 -1.54221667096254133611e+01
2.02000 -1.42061483099033853961e+01
2.03000 -1.48259277383446814724e+01
2.04000 -1.42414113049262489596e+01
2.05000 -1.52471455613887680869e+01
2.06000 -1.42528079692452234184e+01
2.07000 -1.48168153738824877053e+01
2.08000 -1.41722107934084000647e+01
2.09000 -1.48803139882090000867e+01
2.10000 -1.44719518573656760196e+01
2.11000 -1.47890879490673903263e+01
2.12000 -1.40712089696370981073e+01
2.13000 -1.38985461472551978801e+01
2.14000 -1.41423147569843461469e+01
2.15000 -1.42078336129978897162e+01
2.16000 -1.40440623046310690825e+01
2.17000 -1.38671253337535897998e+01
2.18000 -1.45660585403614941669e+01
2.19000 -1.40793931712424367220e+01
2.20000 -1.39016294320693294395e+01
2.21000 -1.39233082743724700947e+01
2.22000 -1.39236359627547692241e+01
2.23000 -1.47304594727603603843e+01
2.24000 -1.39134184382416670189e+01
2.25000 -1.45936959546212534633e+01
2.26000 -1.40695231335003452244e+01
2.27000 -1.43922493751921205529e+01
2.28000 -1.41934709719316600740e+01
2.29000 -1.42356223593930604210e+01
2.30000 -1.50993360237050762152e+01
2.31000 -1.42181350411558398150e+01
2.32000 -1.40444065600635354940e+01
2.33000 -1.41204688694269027138e+01
2.34000 -1.40949125378925526064e+01
2.35000 -1.38982362855849981287e+01
2.36000 -1.42922274493734153822e+01
2.37000 -1.40783084613846334321e+01
2.38000 -1.39799710611052674381e+01
2.39000 -1.38755634301928960639e+01
2.40000 -1.39933427318486636182e+01
2.41000 -1.36589452710904026844e+01
2.42000 -1.36086015019305808238e+01
2.43000 -1.40613495331949280853e+01
2.44000 -1.37903305125800521580e+01
2.45000 -1.37668988514903958276e+01
2.46000 -1.37144604147041242470e+01
2.47000 -1.36868155852876771661e+01
2.48000 -1.44252621145312360795e+01
2.49000 -1.36583579542170365784e+01
2.50000 -1.35561190681108367784e+01
2.51000 -1.40159036545406330276e+01
2.52000 -1.39881826817155126008e+01
2.53000 -1.41174172511609157254e+01
2.54000 -1.38018456274788530180e+01
2.55000 -1.36399441597001498394e+01
2.56000 -1.44581917435980304987e+01
2.57000 -1.42109384388609907290e+01
2.58000 -1.36335143287066546947e+01
2.59000 -1.36120369013239255196e+01
2.60000 -1.37307348089464920093e+01
2.61000 -1.41084745320803239821e+01
2.62000 -1.36374550796770037664e+01
2.63000 -1.46000914964372547900e+01
2.64000 -1.36219793921363745426e+01
2.65000 -1.37599793788845570219e+01
2.66000 -1.42810933336700482954e+01
2.67000 -1.43594170121095103809e+01
2.68000 -1.44557964217414198771e+01
2.69000 -1.45396269621728517762e+01
2.70000 -1.41762230278186969201e+01
2.71000 -1.40465883772764854598e+01
2.72000 -1.40881700603295900720e+01
2.73000 -1.33338016526740492651e+01
2.74000 -1.42914376375080092174e+01
2.75000 -1.33845283553634608609e+01
2.76000 -1.37416566686617382942e+01
2.77000 -1.32683106022126047208e+01
2.78000 -1.42072555301779015480e+01
2.79000 -1.42090952194339319448e+01
2.80000 -1.36788899284233753662e+01
2.81000 -1.35341451633435685409e+01
2.82000 -1.35126877522996764469e+01
2.83000 -1.37161987116939183551e+01
2.84000 -1.51402512209978592495e+01
2.85000 -1.35794927127205493633e+01
2.86000 0.00000000000000000000e+00
2.87000 0.00000000000000000000e+00
2.88000 0.00000000000000000000e+00
2.89000 nan
2.90000 nan
2.91000 nan
2.92000 nan
2.93000 nan
2.94000 nan
2.95000 nan
2.96000 nan
2.97000 nan
2.98000 nan
2.99000 nan
3.00000 nan
