-10.00000 -1.44764839281392214805e-11
-9.99000 -1.48137092432042773470e-11
-9.98000 -1.51587456107489492150e-11
-9.97000 -1.55118341126399034879e-11
-9.96000 -1.58731193979971471160e-11
-9.95000 -1.62428907650606778446e-11
-9.94000 -1.66212446465771745134e-11
-9.93000 -1.70083739080399818771e-11
-9.92000 -1.74045196313157663391e-11
-9.91000 -1.78099711146445321067e-11
-9.90000 -1.82248247907729677134e-11
-9.89000 -1.86493217415677460245e-11
-9.88000 -1.90837030488955463681e-11
-9.87000 -1.95282580109963729516e-11
-9.86000 -1.99830830606169207706e-11
-9.85000 -2.04485639287438599477e-11
-9.84000 -2.09248452644972135894e-11
-9.83000 -2.14122645824903301696e-11
-9.82000 -2.19110629645898987098e-11
-9.81000 -2.24213850599159455477e-11
-9.80000 -2.29437130322018131830e-11
-9.79000 -2.34780950978208749631e-11
-9.78000 -2.40250134205064830814e-11
-9.77000 -2.45845644330053422271e-11
-9.76000 -2.51572302990508078248e-11
-9.75000 -2.57432521005095818205e-11
-9.74000 -2.63428709192483726229e-11
-9.73000 -2.69564724862538826661e-11
-9.72000 -2.75843943161394830426e-11
-9.71000 -2.82268774907718950854e-11
-9.70000 -2.88844041738844871440e-11
-9.69000 -2.95571672309706556719e-11
-9.68000 -3.02456970421371068228e-11
-9.67000 -3.09501864728772467438e-11
-9.66000 -3.16711176869244599400e-11
-9.65000 -3.24088281988921498155e-11
-9.64000 -3.31637037397670511165e-11
-9.63000 -3.39362264732825677351e-11
-9.62000 -3.47266856976787781959e-11
-9.61000 -3.55355635766891122404e-11
-9.60000 -3.63632940576736424191e-11
-9.59000 -3.72103110879924671316e-11
-9.58000 -3.80770003986323534357e-11
-9.57000 -3.89639888024467444860e-11
-9.56000 -3.98715655976757446562e-11
-9.55000 -4.08002611644261408795e-11
-9.54000 -4.17506058828047265510e-11
-9.53000 -4.27231301329182950662e-11
-9.52000 -4.37182678621269965236e-11
-9.51000 -4.47365976669109750474e-11
-9.50000 -4.57786499273770498825e-11
-9.49000 -4.68449550236320531981e-11
-9.48000 -4.79361397685294927724e-11
-9.47000 -4.90527345421762266240e-11
-9.46000 -5.01952697246791127719e-11
-9.45000 -5.13645167780116853316e-11
-9.44000 -5.25609096495341719497e-11
-9.43000 -5.37852198012201196666e-11
-9.42000 -5.50380258295497889287e-11
-9.41000 -5.63200509801234148215e-11
-9.40000 -5.76319220657946149829e-11
-9.39000 -5.89743141157903319303e-11
-9.38000 -6.03479985920841967146e-11
-9.37000 -6.17536987402765348940e-11
-9.36000 -6.31921378059676591020e-11
-9.35000 -6.46640872511312714752e-11
-9.34000 -6.61703185377410612256e-11
-9.33000 -6.77115549113974056102e-11
-9.32000 -6.92887606995674096814e-11
-9.31000 -7.09027555805981392297e-11
-9.30000 -7.25542628000900749095e-11
-9.29000 -7.42442466855103217735e-11
-9.28000 -7.59736715643260882718e-11
-9.27000 -7.77433088985112057879e-11
-9.26000 -7.95541712319062335009e-11
-9.25000 -8.14072228919784186351e-11
-9.24000 -8.33034764225683979178e-11
-9.23000 -8.52438479347701195429e-11
-9.22000 -8.72293981887975968161e-11
-9.21000 -8.92612843776115703504e-11
-9.20000 -9.13404226123060917375e-11
-9.19000 -9.34680183022152910935e-11
-9.18000 -9.56451804239266616998e-11
-9.17000 -9.78730179540277485371e-11
-9.16000 -1.00152784518226135848e-10
-9.15000 -1.02485637309482758116e-10
-9.14000 -1.04872829953505315905e-10
-9.13000 -1.07315616076001522706e-10
-9.12000 -1.09815345735425845166e-10
-9.11000 -1.12373272557486100170e-10
-9.10000 -1.14990794817010182643e-10
-9.09000 -1.17669310788826052132e-10
-9.08000 -1.20410170531388407927e-10
-9.07000 -1.23214868752271988582e-10
-9.06000 -1.26084900159051636048e-10
-9.05000 -1.29021759459302218124e-10
-9.04000 -1.32027086009718771121e-10
-9.03000 -1.35102374517876317934e-10
-9.02000 -1.38249312556843361925e-10
-9.01000 -1.41469587699688458152e-10
-9.00000 -1.44764791086733589464e-10
-8.99000 -1.48136851372914232587e-10
-8.98000 -1.51587359698552551315e-10
-8.97000 -1.55118292934957541122e-10
-8.96000 -1.58731483304318287470e-10
-8.95000 -1.62428811245197342870e-10
-8.94000 -1.66212253628904012990e-10
-8.93000 -1.70083883759494460052e-10
-8.92000 -1.74045582075531624309e-10
-8.91000 -1.78099614746565225995e-10
-8.90000 -1.82248103293025204577e-10
-8.89000 -1.86493217451714940724e-10
-8.88000 -1.90837175175811282155e-10
-8.87000 -1.95282387283984712150e-10
-8.86000 -1.99831119945785752275e-10
-8.85000 -2.04485783979885170153e-10
-8.84000 -2.09248838421327278008e-10
-8.83000 -2.14122886954276608270e-10
-8.82000 -2.19110436830151224557e-10
-8.81000 -2.24214188165862748499e-10
-8.80000 -2.29436792861949722414e-10
-8.79000 -2.34781047468070986379e-10
-8.78000 -2.40249844966632211174e-10
-8.77000 -2.45845981907292702163e-10
-8.76000 -2.51572447705205503670e-10
-8.75000 -2.57432328208270490723e-10
-8.74000 -2.63428709264387951938e-10
-8.73000 -2.69564724937831798083e-10
-8.72000 -2.75843702158369601332e-10
-8.71000 -2.82268919639396035496e-10
-8.70000 -2.88843848959799435796e-10
-8.69000 -2.95571817049348563479e-10
-8.68000 -3.02456584785172607774e-10
-8.67000 -3.09501720178907871978e-10
-8.66000 -3.16710935891311112243e-10
-8.65000 -3.24088089232259589274e-10
-8.64000 -3.31637037511630977361e-10
-8.63000 -3.39361830904796922403e-10
-8.62000 -3.47266616019876314589e-10
-8.61000 -3.55355539464988612797e-10
-8.60000 -3.63632796064627053150e-10
-8.59000 -3.72102869941525725775e-10
-8.58000 -3.80770293434792756538e-10
-8.57000 -3.89639598883536736596e-10
-8.56000 -3.98715463275987175243e-10
-8.55000 -4.08002708249494241425e-10
-8.54000 -4.17506300090529125626e-10
-8.53000 -4.27231301518310314323e-10
-8.52000 -4.37182775252057276271e-10
-8.51000 -4.47366073309230385930e-10
-8.50000 -4.57786595923664415389e-10
-8.49000 -4.68449791545568224175e-10
-8.48000 -4.79361397923392146204e-10
-8.47000 -4.90527152805587342576e-10
-8.46000 -5.01952986806099514678e-10
-8.45000 -5.13645023404369059284e-10
-8.44000 -5.25609337863464198585e-10
-8.43000 -5.37852342961067889420e-10
-8.42000 -5.50380547907611160106e-10
-8.41000 -5.63200558346273213832e-10
-8.40000 -5.76319124569354637217e-10
-8.39000 -5.89743382600144787266e-10
-8.38000 -6.03480275596440703744e-10
-8.37000 -6.17537084230654988244e-10
-8.36000 -6.31921426689815493993e-10
-8.35000 -6.46640728295458377365e-10
-8.34000 -6.61702944749228811175e-10
-8.33000 -6.77115935320027102088e-10
-8.32000 -6.92888041440489674847e-10
-8.31000 -7.09027459894134776090e-10
-8.30000 -7.25542821411843251783e-10
-8.29000 -7.42442901373618778889e-10
-8.28000 -7.59736619808587348380e-10
-8.27000 -7.77433137827744819724e-10
-8.26000 -7.95541905840329819252e-10
-8.25000 -8.14072422471957387176e-10
-8.24000 -8.33034620295605990218e-10
-8.23000 -8.52438480100630612380e-10
-8.22000 -8.72294320191003247057e-10
-8.21000 -8.92612699952566479926e-10
-8.20000 -9.13404323420286244646e-10
-8.19000 -9.34680232143746621647e-10
-8.18000 -9.56451708754401973445e-10
-8.17000 -9.78730325181951910958e-10
-8.16000 -1.00152789443796674078e-09
-8.15000 -1.02485651883226201792e-09
-8.14000 -1.04872849354015150827e-09
-8.13000 -1.07315649946794147044e-09
-8.12000 -1.09815350682018361823e-09
-8.11000 -1.12373282331604915638e-09
-8.10000 -1.14990785310746149699e-09
-8.09000 -1.17669272359195148633e-09
-8.08000 -1.20410141751793592845e-09
-8.07000 -1.23214854444669264443e-09
-8.06000 -1.26084895502137314957e-09
-8.05000 -1.29021788561612414018e-09
-8.04000 -1.32027095833608666645e-09
-8.03000 -1.35102398815190329817e-09
-8.02000 -1.38249336863070668838e-09
-8.01000 -1.41469578263787784042e-09
-8.00000 -1.44764829876979521343e-09
-7.99000 -1.48136837135383327476e-09
-7.98000 -1.51587384044836436113e-09
-7.97000 -1.55118307649187933828e-09
-7.96000 -1.58731478743749373277e-09
-7.95000 -1.62428806696932176772e-09
-7.94000 -1.66212263558434509391e-09
-7.93000 -1.70083845486142443301e-09
-7.92000 -1.74045606497591555299e-09
-7.91000 -1.78099644005054881527e-09
-7.90000 -1.82248118102092387010e-09
-7.89000 -1.86493222633726978482e-09
-7.88000 -1.90837209304631274106e-09
-7.87000 -1.95282378035853044473e-09
-7.86000 -1.99831086608089916357e-09
-7.85000 -2.04485755483326879685e-09
-7.84000 -2.09248838875012155609e-09
-7.83000 -2.14122868142793663229e-09
-7.82000 -2.19110432505969488025e-09
-7.81000 -2.24214174221850726426e-09
-7.80000 -2.29436788585761609898e-09
-7.79000 -2.34781057682501081797e-09
-7.78000 -2.40249816634881385951e-09
-7.77000 -2.45845948782090828515e-09
-7.76000 -2.51572438717705010494e-09
-7.75000 -2.57432309608400994869e-09
-7.74000 -2.63428681053606025408e-09
-7.73000 -2.69564725690761308092e-09
-7.72000 -2.75843693303508904906e-09
-7.71000 -2.82268920464966830499e-09
-7.70000 -2.88843801607904796182e-09
-7.69000 -2.95571842062755607875e-09
-7.68000 -3.02456590554692012383e-09
-7.67000 -3.09501716349824989146e-09
-7.66000 -3.16710932109005830719e-09
-7.65000 -3.24088080677299158950e-09
-7.64000 -3.31637062759422574475e-09
-7.63000 -3.39361880314483123448e-09
-7.62000 -3.47266631734340266195e-09
-7.61000 -3.55355511843606084013e-09
-7.60000 -3.63632802256370844250e-09
-7.59000 -3.72102900306027339035e-09
-7.58000 -3.80770290115447249649e-09
-7.57000 -3.89639571526805443899e-09
-7.56000 -3.98715440815030734048e-09
-7.55000 -4.08002714795993390995e-09
-7.54000 -4.17506321183230543922e-09
-7.53000 -4.27231293766309066234e-09
-7.52000 -4.37182782054100879014e-09
-7.51000 -4.47366080204607703339e-09
-7.50000 -4.57786573986950075916e-09
-7.49000 -4.68449793819378912474e-09
-7.48000 -4.79361395482726968799e-09
-7.47000 -4.90527155298771230369e-09
-7.46000 -5.01953003881695605910e-09
-7.45000 -5.13644987564992112391e-09
-7.44000 -5.25609316617835572514e-09
-7.43000 -5.37852331493622161924e-09
-7.42000 -5.50380522116519685247e-09
-7.41000 -5.63200527881468237841e-09
-7.40000 -5.76319156940730481828e-09
-7.39000 -5.89743357274067886402e-09
-7.38000 -6.03480245618565893731e-09
-7.37000 -6.17537107468634580701e-09
-7.36000 -6.31921387432734761671e-09
-7.35000 -6.46640727806478044239e-09
-7.34000 -6.61702925177890982902e-09
-7.33000 -6.77115964178877772612e-09
-7.32000 -6.92888022306858851764e-09
-7.31000 -7.09027460281496839504e-09
-7.30000 -7.25542831687972583656e-09
-7.29000 -7.42442892620260960480e-09
-7.28000 -7.59736611324406922595e-09
-7.27000 -7.77433148911976960015e-09
-7.26000 -7.95541893111522290015e-09
-7.25000 -8.14072443803667928540e-09
-7.24000 -8.33034622664389482586e-09
-7.23000 -8.52438497273200209428e-09
-7.22000 -8.72294337718417651817e-09
-7.21000 -8.92612684100087370737e-09
-7.20000 -9.13404307956886860092e-09
-7.19000 -9.34680221909400602018e-09
-7.18000 -9.56451723054860049120e-09
-7.17000 -9.78730344750770333201e-09
-7.16000 -1.00152790965292431019e-08
-7.15000 -1.02485649114230564767e-08
-7.14000 -1.04872845671982698730e-08
-7.13000 -1.07315648247124558835e-08
-7.12000 -1.09815350967242830856e-08
-7.11000 -1.12373279300572803867e-08
-7.10000 -1.14990789091671261760e-08
-7.09000 -1.17669268490071626653e-08
-7.08000 -1.20410137950284355938e-08
-7.07000 -1.23214850231797107719e-08
-7.06000 -1.26084892809893943037e-08
-7.05000 -1.29021786911328068502e-08
-7.04000 -1.32027090889468411699e-08
-7.03000 -1.35102396366990078835e-08
-7.02000 -1.38249335468330836466e-08
-7.01000 -1.41469576480217923910e-08
-7.00000 -1.44764826262487056956e-08
-6.99000 -1.48136832176738001404e-08
-6.98000 -1.51587382086334920482e-08
-6.97000 -1.55118305802898170812e-08
-6.96000 -1.58731475086304765626e-08
-6.95000 -1.62428806055507725893e-08
-6.94000 -1.66212259188536543539e-08
-6.93000 -1.70083839804661455336e-08
-6.92000 -1.74045601439540547712e-08
-6.91000 -1.78099644398728854138e-08
-6.90000 -1.82248118168497970956e-08
-6.89000 -1.86493222380164175020e-08
-6.88000 -1.90837206810089151612e-08
-6.87000 -1.95282376201318299647e-08
-6.86000 -1.99831087852762770213e-08
-6.85000 -2.04485751619200293747e-08
-6.84000 -2.09248836179404851069e-08
-6.83000 -2.14122867589656399428e-08
-6.82000 -2.19110430248069155587e-08
-6.81000 -2.24214167376756597625e-08
-6.80000 -2.29436785843469935577e-08
-6.79000 -2.34781055679435425732e-08
-6.78000 -2.40249808150700649973e-08
-6.77000 -2.45845945883574440540e-08
-6.76000 -2.51572433221353181299e-08
-6.75000 -2.57432307796252131427e-08
-6.74000 -2.63428676672096991472e-08
-6.73000 -2.69564718755143916222e-08
-6.72000 -2.75843687204899957708e-08
-6.71000 -2.82268912327107219613e-08
-6.70000 -2.88843799162925756077e-08
-6.69000 -2.95571835685719180232e-08
-6.68000 -3.02456588461582684297e-08
-6.67000 -3.09501706988818857597e-08
-6.66000 -3.16710928037413537679e-08
-6.65000 -3.24088073238219039984e-08
-6.64000 -3.31637053904594183588e-08
-6.63000 -3.39361872961061386758e-08
-6.62000 -3.47266625907636935261e-08
-6.61000 -3.55355504677143452946e-08
-6.60000 -3.63632798117376326295e-08
-6.59000 -3.72102893437597882671e-08
-6.58000 -3.80770282958832923422e-08
-6.57000 -3.89639562667380699862e-08
-6.56000 -3.98715433661309157685e-08
-6.55000 -4.08002708900751197994e-08
-6.54000 -4.17506312243580629384e-08
-6.53000 -4.27231283267053649515e-08
-6.52000 -4.37182778232139973693e-08
-6.51000 -4.47366072976509801694e-08
-6.50000 -4.57786566771848075050e-08
-6.49000 -4.68449785699005287623e-08
-6.48000 -4.79361382648002316342e-08
-6.47000 -4.90527143586164029612e-08
-6.46000 -5.01952988522452268780e-08
-6.45000 -5.13644974882617320456e-08
-6.44000 -5.25609302813005227076e-08
-6.43000 -5.37852316144891297763e-08
-6.42000 -5.50380505769632242394e-08
-6.41000 -5.63200513978147118140e-08
-6.40000 -5.76319138800397746615e-08
-6.39000 -5.89743335451887127280e-08
-6.38000 -6.03480222119632378475e-08
-6.37000 -6.17537081890827391624e-08
-6.36000 -6.31921367574488945023e-08
-6.35000 -6.46640707005266396682e-08
-6.34000 -6.61702903525614858678e-08
-6.33000 -6.77115943218260926760e-08
-6.32000 -6.92887999245686935618e-08
-6.31000 -7.09027433296631754565e-08
-6.30000 -7.25542802818559164125e-08
-6.29000 -7.42442864874978664589e-08
-6.28000 -7.59736580484931848860e-08
-6.27000 -7.77433117515986979340e-08
-6.26000 -7.95541860809691750529e-08
-6.25000 -8.14072410252931678296e-08
-6.24000 -8.33034591385547367977e-08
-6.23000 -8.52438458775495979042e-08
-6.22000 -8.72294300358341171362e-08
-6.21000 -8.92612643705398294142e-08
-6.20000 -9.13404261809717054600e-08
-6.19000 -9.34680179354228956830e-08
-6.18000 -9.56451676569075786596e-08
-6.17000 -9.78730296464086590597e-08
-6.16000 -1.00152785254341929358e-07
-6.15000 -1.02485643169856401023e-07
-6.14000 -1.04872840336947844353e-07
-6.13000 -1.07315642436624935095e-07
-6.12000 -1.09815344706590184350e-07
-6.11000 -1.12373272519839052467e-07
-6.10000 -1.14990782107908427832e-07
-6.09000 -1.17669261332341503262e-07
-6.08000 -1.20410130359720095407e-07
-6.07000 -1.23214842384913467642e-07
-6.06000 -1.26084884547192796341e-07
-6.05000 -1.29021778557047608830e-07
-6.04000 -1.32027081612300501119e-07
-6.03000 -1.35102387169573099566e-07
-6.02000 -1.38249325812184711866e-07
-6.01000 -1.41469565973402314621e-07
-6.00000 -1.44764815286503418663e-07
-5.99000 -1.48136820681213337674e-07
-5.98000 -1.51587370215932532539e-07
-5.97000 -1.55118293318823416903e-07
-5.96000 -1.58731462186090493611e-07
-5.95000 -1.62428792553448116310e-07
-5.94000 -1.66212244853319220176e-07
-5.93000 -1.70083825034519719351e-07
-5.92000 -1.74045585815890826986e-07
-5.91000 -1.78099627891715136488e-07
-5.90000 -1.82248100654969017832e-07
-5.89000 -1.86493203836687177278e-07
-5.88000 -1.90837188132782681974e-07
-5.87000 -1.95282356795195889689e-07
-5.86000 -1.99831066692662846005e-07
-5.85000 -2.04485729612566357778e-07
-5.84000 -2.09248813562787463646e-07
-5.83000 -2.14122843977124321075e-07
-5.82000 -2.19110405113577372058e-07
-5.81000 -2.24214141452634932335e-07
-5.80000 -2.29436758999126197146e-07
-5.79000 -2.34781026921589956701e-07
-5.78000 -2.40249778854128846014e-07
-5.77000 -2.45845914294696839949e-07
-5.76000 -2.51572400437335173781e-07
-5.75000 -2.57432273570461055851e-07
-5.74000 -2.63428640571590181293e-07
-5.73000 -2.69564680932439619464e-07
-5.72000 -2.75843647964353636080e-07
-5.71000 -2.82268870871624301748e-07
-5.70000 -2.88843756439082666627e-07
-5.69000 -2.95571790623257351626e-07
-5.68000 -3.02456540866780321368e-07
-5.67000 -3.09501657544897976617e-07
-5.66000 -3.16710875894147546309e-07
-5.65000 -3.24088018519631203811e-07
-5.64000 -3.31636996793313832235e-07
-5.63000 -3.39361813313082648917e-07
-5.62000 -3.47266563879644389032e-07
-5.61000 -3.55355439521639363283e-07
-5.60000 -3.63632729340436286661e-07
-5.59000 -3.72102821908435920058e-07
-5.58000 -3.80770208162084467157e-07
-5.57000 -3.89639483668075602346e-07
-5.56000 -3.98715351082419200794e-07
-5.55000 -4.08002622464862463887e-07
-5.54000 -4.17506222123693271259e-07
-5.53000 -4.27231188978381250793e-07
-5.52000 -4.37182679259735008315e-07
-5.51000 -4.47365969402927594711e-07
-5.50000 -4.57786458747657547273e-07
-5.49000 -4.68449672286528922691e-07
-5.48000 -4.79361263895597476677e-07
-5.47000 -4.90527018938105474592e-07
-5.46000 -5.01952857687898014310e-07
-5.45000 -5.13644838270678231715e-07
-5.44000 -5.25609159894562268288e-07
-5.43000 -5.37852166225287878444e-07
-5.42000 -5.50380348616774796961e-07
-5.41000 -5.63200349630988256619e-07
-5.40000 -5.76318966750670213867e-07
-5.39000 -5.89743155417044396086e-07
-5.38000 -6.03480033417584187694e-07
-5.37000 -6.17536884213023156970e-07
-5.36000 -6.31921160794749979991e-07
-5.35000 -6.46640490024370834688e-07
-5.34000 -6.61702676298247310546e-07
-5.33000 -6.77115705597768357934e-07
-5.32000 -6.92887750214657733207e-07
-5.31000 -7.09027172656606813710e-07
-5.30000 -7.25542530227942273298e-07
-5.29000 -7.42442579562081701274e-07
-5.28000 -7.59736281202212606968e-07
-5.27000 -7.77432804664139847343e-07
-5.26000 -7.95541532679460436211e-07
-5.25000 -8.14072066740588288708e-07
-5.24000 -8.33034232018971408429e-07
-5.23000 -8.52438082427965678934e-07
-5.22000 -8.72293906167879513500e-07
-5.21000 -8.92612230933511239012e-07
-5.20000 -9.13403829796724940258e-07
-5.19000 -9.34679726703302005466e-07
-5.18000 -9.56451202355533064225e-07
-5.17000 -9.78729800335902289600e-07
-5.16000 -1.00152733289326326973e-06
-5.15000 -1.02485588750049132309e-06
-5.14000 -1.04872783341214343711e-06
-5.13000 -1.07315582764353212918e-06
-5.12000 -1.09815282225165612511e-06
-5.11000 -1.12373207084467778143e-06
-5.10000 -1.14990713605574370645e-06
-5.09000 -1.17669189590783808310e-06
-5.08000 -1.20410055220374269080e-06
-5.07000 -1.23214763713199963899e-06
-5.06000 -1.26084802170511859751e-06
-5.05000 -1.29021692318524825328e-06
-5.04000 -1.32026991313668391170e-06
-5.03000 -1.35102292615341842897e-06
-5.02000 -1.38249226762238403853e-06
-5.01000 -1.41469462312607223697e-06
-5.00000 -1.44764706663976098782e-06
-4.99000 -1.48136706983774225805e-06
-4.98000 -1.51587251139957073029e-06
-4.97000 -1.55118168660563398236e-06
-4.96000 -1.58731331664344715115e-06
-4.95000 -1.62428655892651873357e-06
-4.94000 -1.66212101702751040595e-06
-4.93000 -1.70083675114180506334e-06
-4.92000 -1.74045428874396988364e-06
-4.91000 -1.78099463548533092007e-06
-4.90000 -1.82247928628444483603e-06
-4.89000 -1.86493023665868597994e-06
-4.88000 -1.90836999453803322338e-06
-4.87000 -1.95282159207889025696e-06
-4.86000 -1.99830859800832892924e-06
-4.85000 -2.04485513001658424093e-06
-4.84000 -2.09248586739067484358e-06
-4.83000 -2.14122606446774729619e-06
-4.82000 -2.19110156375094969014e-06
-4.81000 -2.24213880979681718731e-06
-4.80000 -2.29436486276518862066e-06
-4.79000 -2.34780741360854138810e-06
-4.78000 -2.40249479786309602604e-06
-4.77000 -2.45845601146507703350e-06
-4.76000 -2.51572072536161362501e-06
-4.75000 -2.57431930200215527036e-06
-4.74000 -2.63428281067274705474e-06
-4.73000 -2.69564304466260840456e-06
-4.72000 -2.75843253756288208942e-06
-4.71000 -2.82268458096373975246e-06
-4.70000 -2.88843324186226549965e-06
-4.69000 -2.95571338055258456867e-06
-4.68000 -3.02456066962506644569e-06
-4.67000 -3.09501161243522606489e-06
-4.66000 -3.16710356272992442974e-06
-4.65000 -3.24087474383971260595e-06
-4.64000 -3.31636427013746572785e-06
-4.63000 -3.39361216656845385051e-06
-4.62000 -3.47265939054314386907e-06
-4.61000 -3.55354785344438545369e-06
-4.60000 -3.63632044295440417522e-06
-4.59000 -3.72102104552657373738e-06
-4.58000 -3.80769457006273970965e-06
-4.57000 -3.89638697134960262062e-06
-4.56000 -3.98714527465245087168e-06
-4.55000 -4.08001760064656333502e-06
-4.54000 -4.17505319073451126866e-06
-4.53000 -4.27230243327974489834e-06
-4.52000 -4.37181689046718131565e-06
-4.51000 -4.47364932521219099161e-06
-4.50000 -4.57785372990201555788e-06
-4.49000 -4.68448535398019618023e-06
-4.48000 -4.79360073399025790928e-06
-4.47000 -4.90525772366785109218e-06
-4.46000 -5.01951552384024869284e-06
-4.45000 -5.13643471444763319306e-06
-4.44000 -5.25607728666107569261e-06
-4.43000 -5.37850667524186688335e-06
-4.42000 -5.50378779278159066199e-06
-4.41000 -5.63198706374962141416e-06
-4.40000 -5.76317245969813840778e-06
-4.39000 -5.89741353567288565757e-06
-4.38000 -6.03478146643140628280e-06
-4.37000 -6.17534908487960279095e-06
-4.36000 -6.31919092017115961350e-06
-4.35000 -6.46638323754316295513e-06
-4.34000 -6.61700407873072356647e-06
-4.33000 -6.77113330286420924412e-06
-4.32000 -6.92885262958489558293e-06
-4.31000 -7.09024568172713660620e-06
-4.30000 -7.25539802992970714335e-06
-4.29000 -7.42439723792269209941e-06
-4.28000 -7.59733290916499771114e-06
-4.27000 -7.77429673401280423018e-06
-4.26000 -7.95538253857621540949e-06
-4.25000 -8.14068633425155737272e-06
-4.24000 -8.33030636899014245917e-06
-4.23000 -8.52434317880879575382e-06
-4.22000 -8.72289964166372890097e-06
-4.21000 -8.92608103175911461453e-06
-4.20000 -9.13399507515828944107e-06
-4.19000 -9.34675200713161123385e-06
-4.18000 -9.56446463085522914573e-06
-4.17000 -9.78724837659293006435e-06
-4.16000 -1.00152213631933411384e-05
-4.15000 -1.02485044607935528601e-05
-4.14000 -1.04872213550667070281e-05
-4.13000 -1.07314986121457050432e-05
-4.12000 -1.09814657463928655917e-05
-4.11000 -1.12372552886529332103e-05
-4.10000 -1.14990028567735228990e-05
-4.09000 -1.17668472273805219737e-05
-4.08000 -1.20409304092460104203e-05
-4.07000 -1.23213977191166866002e-05
-4.06000 -1.26083978581705999730e-05
-4.05000 -1.29020829909345280840e-05
-4.04000 -1.32026088265656376530e-05
-4.03000 -1.35101347004241455273e-05
-4.02000 -1.38248236594569587398e-05
-4.01000 -1.41468425478724753682e-05
-4.00000 -1.44763620962890065234e-05
-3.99000 -1.48135570116085245091e-05
-3.98000 -1.51586060698820195431e-05
-3.97000 -1.55116922113951449802e-05
-3.96000 -1.58730026371062810770e-05
-3.95000 -1.62427289081730079389e-05
-3.94000 -1.66210670475063024970e-05
-3.93000 -1.70082176435454390329e-05
-3.92000 -1.74043859569288021758e-05
-3.91000 -1.78097820286623896764e-05
-3.90000 -1.82246207921488711254e-05
-3.89000 -1.86491221865217414845e-05
-3.88000 -1.90835112740332218375e-05
-3.87000 -1.95280183581207080704e-05
-3.86000 -1.99828791070221018964e-05
-3.85000 -2.04483346772502972419e-05
-3.84000 -2.09246318421347159795e-05
-3.83000 -2.14120231230190983249e-05
-3.82000 -2.19107669221031673454e-05
-3.81000 -2.24211276602072896139e-05
-3.80000 -2.29433759165189388510e-05
-3.79000 -2.34777885724429156110e-05
-3.78000 -2.40246489580124660522e-05
-3.77000 -2.45842470018742393874e-05
-3.76000 -2.51568793854259260031e-05
-3.75000 -2.57428496999013974391e-05
-3.74000 -2.63424686072233676037e-05
-3.73000 -2.69560540046238869300e-05
-3.72000 -2.75839311933705272014e-05
-3.71000 -2.82264330506823942000e-05
-3.70000 -2.88839002069098199296e-05
-3.69000 -2.95566812254706354744e-05
-3.68000 -3.02451327876168626918e-05
-3.67000 -3.09496198819358321890e-05
-3.66000 -3.16705159971877132571e-05
-3.65000 -3.24082033208427386720e-05
-3.64000 -3.31630729411486324253e-05
-3.63000 -3.39355250546093616506e-05
-3.62000 -3.47259691781041688143e-05
-3.61000 -3.55348243659367354604e-05
-3.60000 -3.63625194317668742547e-05
-3.59000 -3.72094931759074225861e-05
-3.58000 -3.80761946183728625733e-05
-3.57000 -3.89630832354138204629e-05
-3.56000 -3.98706292049388999845e-05
-3.55000 -4.07993136542182733878e-05
-3.54000 -4.17496289154634185039e-05
-3.53000 -4.27220787866316193001e-05
-3.52000 -4.37171787982275206869e-05
-3.51000 -4.47354564867295651756e-05
-3.50000 -4.57774516740633977455e-05
-3.49000 -4.68437167532679963515e-05
-3.48000 -4.79348169821395720812e-05
-3.47000 -4.90513307815269880108e-05
-3.46000 -5.01938500427644612766e-05
-3.45000 -5.13629804408187966422e-05
-3.44000 -5.25593417556117212860e-05
-3.43000 -5.37835681995896567817e-05
-3.42000 -5.50363087549659432620e-05
-3.41000 -5.63182275163450906004e-05
-3.40000 -5.76300040434080937174e-05
-3.39000 -5.89723337205256913475e-05
-3.38000 -6.03459281255677327670e-05
-3.37000 -6.17515154062223115255e-05
-3.36000 -6.31898406664305596582e-05
-3.35000 -6.46616663608168501607e-05
-3.34000 -6.61677726985631796570e-05
-3.33000 -6.77089580568259667530e-05
-3.32000 -6.92860394035044397168e-05
-3.31000 -7.08998527302790479236e-05
-3.30000 -7.25512534953914975822e-05
-3.29000 -7.42411170763137141619e-05
-3.28000 -7.59703392341403235680e-05
-3.27000 -7.77398365875856737876e-05
-3.26000 -7.95505470985167947558e-05
-3.25000 -8.14034305690734707843e-05
-3.24000 -8.32994691493656945177e-05
-3.23000 -8.52396678585001262149e-05
-3.22000 -8.72250551161903042458e-05
-3.21000 -8.92566832875578555296e-05
-3.20000 -9.13356292407426330685e-05
-3.19000 -9.34629949165054576578e-05
-3.18000 -9.56399079127210618393e-05
-3.17000 -9.78675220805822469088e-05
-3.16000 -1.00147018136040075556e-04
-3.15000 -1.02479604285037664011e-04
-3.14000 -1.04866516863121131973e-04
-3.13000 -1.07309020989866392057e-04
-3.12000 -1.09808411238995130735e-04
-3.11000 -1.12366012323751165232e-04
-3.10000 -1.14983179798073463463e-04
-3.09000 -1.17661300774246570418e-04
-3.08000 -1.20401794657275964368e-04
-3.07000 -1.23206113896284113248e-04
-3.06000 -1.26075744753319603968e-04
-3.05000 -1.29012208089972327295e-04
-3.04000 -1.32017060172718648289e-04
-3.03000 -1.35091893495990924114e-04
-3.02000 -1.38238337625680993755e-04
-3.01000 -1.41458060061252696975e-04
-3.00000 -1.44752767117967969879e-04
-2.99000 -1.48124204830634109654e-04
-2.98000 -1.51574159876470673574e-04
-2.97000 -1.55104460521350042117e-04
-2.96000 -1.58716977587011412324e-04
-2.95000 -1.62413625440561000491e-04
-2.94000 -1.66196363007476311403e-04
-2.93000 -1.70067194808126481622e-04
-2.92000 -1.74028172018159273636e-04
-2.91000 -1.78081393553202171074e-04
-2.90000 -1.82229007179386757326e-04
-2.89000 -1.86473210649325228053e-04
-2.88000 -1.90816252864567593083e-04
-2.87000 -1.95260435064748195293e-04
-2.86000 -1.99808112044644472323e-04
-2.85000 -2.04461693399406841494e-04
-2.84000 -2.09223644799087738974e-04
-2.83000 -2.14096489291427379909e-04
-2.82000 -2.19082808636535228582e-04
-2.81000 -2.24185244671606037159e-04
-2.80000 -2.29406500707430140249e-04
-2.79000 -2.34749342957251436268e-04
-2.78000 -2.40216601998962037742e-04
-2.77000 -2.45811174271286713919e-04
-2.76000 -2.51536023604127995969e-04
-2.75000 -2.57394182785029715724e-04
-2.74000 -2.63388755161595236338e-04
-2.73000 -2.69522916281193835111e-04
-2.72000 -2.75799915568613728672e-04
-2.71000 -2.82223078042757272599e-04
-2.70000 -2.88795806072606397411e-04
-2.69000 -2.95521581174761885282e-04
-2.68000 -3.02403965851872464331e-04
-2.67000 -3.09446605473970824413e-04
-2.66000 -3.16653230203194308110e-04
-2.65000 -3.24027656963525199571e-04
-2.64000 -3.31573791455742840264e-04
-2.63000 -3.39295630218986246640e-04
-2.62000 -3.47197262740425868170e-04
-2.61000 -3.55282873613434473266e-04
-2.60000 -3.63556744745954535814e-04
-2.59000 -3.72023257619601675512e-04
-2.58000 -3.80686895601544024199e-04
-2.57000 -3.89552246309751823601e-04
-2.56000 -3.98624004032359499292e-04
-2.55000 -4.07906972203816184461e-04
-2.54000 -4.17406065937849033842e-04
-2.53000 -4.27126314619102041316e-04
-2.52000 -4.37072864554446797233e-04
-2.51000 -4.47250981686124699302e-04
-2.50000 -4.57666054367097648384e-04
-2.49000 -4.68323596200485013120e-04
-2.48000 -4.79229248945113833584e-04
-2.47000 -4.90388785487620064776e-04
-2.46000 -5.01808112883234515647e-04
-2.45000 -5.13493275467438205217e-04
-2.44000 -5.25450458038410374295e-04
-2.43000 -5.37685989113624216405e-04
-2.42000 -5.50206344261584649746e-04
-2.41000 -5.63018149509903463069e-04
-2.40000 -5.76128184832361734009e-04
-2.39000 -5.89543387716598399871e-04
-2.38000 -6.03270856812917425499e-04
-2.37000 -6.17317855669441049003e-04
-2.36000 -6.31691816550250572274e-04
-2.35000 -6.46400344343979428238e-04
-2.34000 -6.61451220561303453692e-04
-2.33000 -6.76852407425237133365e-04
-2.32000 -6.92612052053757790496e-04
-2.31000 -7.08738490741053143822e-04
-2.30000 -7.25240253335534342145e-04
-2.29000 -7.42126067719284460492e-04
-2.28000 -7.59404864390150367501e-04
-2.27000 -7.77085781149480336709e-04
-2.26000 -7.95178167897025826860e-04
-2.25000 -8.13691591536663469397e-04
-2.24000 -8.32635840993900685179e-04
-2.23000 -8.52020932349475176165e-04
-2.22000 -8.71857114090040445468e-04
-2.21000 -8.92154872479356377338e-04
-2.20000 -9.12924937053086128953e-04
-2.19000 -9.34178286238959861530e-04
-2.18000 -9.55926153105968396187e-04
-2.17000 -9.78180031245495492168e-04
-2.16000 -1.00095168078644472000e-03
-2.15000 -1.02425313454846626110e-03
-2.14000 -1.04809670433581459542e-03
-2.13000 -1.07249498737506626482e-03
-2.12000 -1.09746087290023795757e-03
-2.11000 -1.12300754888775759614e-03
-2.10000 -1.14914850894579415562e-03
-2.09000 -1.17589755936073955128e-03
-2.08000 -1.20326882630366000307e-03
-2.07000 -1.23127676320270470871e-03
-2.06000 -1.25993615828159238879e-03
-2.05000 -1.28926214227133382334e-03
-2.04000 -1.31927019629658162821e-03
-2.03000 -1.34997615994223623195e-03
-2.02000 -1.38139623950258596217e-03
-2.01000 -1.41354701641887865043e-03
-2.00000 -1.44644545590777028228e-03
-1.99000 -1.48010891578604503183e-03
-1.98000 -1.51455515549607272648e-03
-1.97000 -1.54980234533472010193e-03
-1.96000 -1.58586907589249904993e-03
-1.95000 -1.62277436770614635203e-03
-1.94000 -1.66053768112953224062e-03
-1.93000 -1.69917892642793694202e-03
-1.92000 -1.73871847410069467477e-03
-1.91000 -1.77917716543638947287e-03
-1.90000 -1.82057632330760764752e-03
-1.89000 -1.86293776320707875523e-03
-1.88000 -1.90628380453490564594e-03
-1.87000 -1.95063728213821889479e-03
-1.86000 -1.99602155811139537339e-03
-1.85000 -2.04246053386142410041e-03
-1.84000 -2.08997866244418862777e-03
-1.83000 -2.13860096117829932838e-03
-1.82000 -2.18835302454071112949e-03
-1.81000 -2.23926103735267497535e-03
-1.80000 -2.29135178826010352249e-03
-1.79000 -2.34465268351577741865e-03
-1.78000 -2.39919176106931277687e-03
-1.77000 -2.45499770497233397656e-03
-1.76000 -2.51209986010454602162e-03
-1.75000 -2.57052824722788864423e-03
-1.74000 -2.63031357837635549821e-03
-1.73000 -2.69148727258753609620e-03
-1.72000 -2.75408147198392266874e-03
-1.71000 -2.81812905821156355415e-03
-1.70000 -2.88366366924195467389e-03
-1.69000 -2.95071971654708347169e-03
-1.68000 -3.01933240265401213465e-03
-1.67000 -3.08953773908724090014e-03
-1.66000 -3.16137256470692788735e-03
-1.65000 -3.23487456445126046745e-03
-1.64000 -3.31008228849156071680e-03
-1.63000 -3.38703517180811378845e-03
-1.62000 -3.46577355419642541348e-03
-1.61000 -3.54633870071104041408e-03
-1.60000 -3.62877282255841954184e-03
-1.59000 -3.71311909844489716759e-03
-1.58000 -3.79942169639264524725e-03
-1.57000 -3.88772579602943667287e-03
-1.56000 -3.97807761136524228734e-03
-1.55000 -4.07052441406261043128e-03
-1.54000 -4.16511455721281682874e-03
-1.53000 -4.26189749962754479973e-03
-1.52000 -4.36092383065473428866e-03
-1.51000 -4.46224529553200955495e-03
-1.50000 -4.56591482128575112259e-03
-1.49000 -4.67198654318849281725e-03
-1.48000 -4.78051583178361154391e-03
-1.47000 -4.89155932049140183132e-03
-1.46000 -5.00517493380438563411e-03
-1.45000 -5.12142191608731898317e-03
-1.44000 -5.24036086098927326310e-03
-1.43000 -5.36205374148421894803e-03
-1.42000 -5.48656394054828928236e-03
-1.41000 -5.61395628248866507964e-03
-1.40000 -5.74429706493494000863e-03
-1.39000 -5.87765409150693435986e-03
-1.38000 -6.01409670517024340375e-03
-1.37000 -6.15369582229414926328e-03
-1.36000 -6.29652396742455197631e-03
-1.35000 -6.44265530878347127131e-03
-1.34000 -6.59216569451339436808e-03
-1.33000 -6.74513268967398028908e-03
-1.32000 -6.90163561401084882374e-03
-1.31000 -7.06175558050708279678e-03
-1.30000 -7.22557553473334931993e-03
-1.29000 -7.39318029501064965386e-03
-1.28000 -7.56465659340082446915e-03
-1.27000 -7.74009311753951021601e-03
-1.26000 -7.91958055332707584750e-03
-1.25000 -8.10321162849295638375e-03
-1.24000 -8.29108115704829500003e-03
-1.23000 -8.48328608464368576214e-03
-1.22000 -8.67992553484783595230e-03
-1.21000 -8.88110085636302157286e-03
-1.20000 -9.08691567119361207072e-03
-1.19000 -9.29747592378573663174e-03
-1.18000 -9.51288993115449385551e-03
-1.17000 -9.73326843401354190044e-03
-1.16000 -9.95872464892898906497e-03
-1.15000 -1.01893743215121564821e-02
-1.14000 -1.04253357806693303794e-02
-1.13000 -1.06667299939282086280e-02
-1.12000 -1.09136806238585570838e-02
-1.11000 -1.11663140856062634981e-02
-1.10000 -1.14247596055594338033e-02
-1.09000 -1.16891492811672936813e-02
-1.08000 -1.19596181419303216470e-02
-1.07000 -1.22363042115817156202e-02
-1.06000 -1.25193485714835042039e-02
-1.05000 -1.28088954252537027406e-02
-1.04000 -1.31050921646500492801e-02
-1.03000 -1.34080894367304883502e-02
-1.02000 -1.37180412123121108631e-02
-1.01000 -1.40351048557530826144e-02
-1.00000 -1.43594411960795836913e-02
-0.99000 -1.46912145994832713664e-02
-0.98000 -1.50305930432122671764e-02
-0.97000 -1.53777481908831774315e-02
-0.96000 -1.57328554692379336821e-02
-0.95000 -1.60960941463761768311e-02
-0.94000 -1.64676474114868916232e-02
-0.93000 -1.68477024561115712453e-02
-0.92000 -1.72364505569678472252e-02
-0.91000 -1.76340871603648148558e-02
-0.90000 -1.80408119682424102070e-02
-0.89000 -1.84568290258704352513e-02
-0.88000 -1.88823468112396843088e-02
-0.87000 -1.93175783261862153706e-02
-0.86000 -1.97627411892846091557e-02
-0.85000 -2.02180577305528033638e-02
-0.84000 -2.06837550880118285768e-02
-0.83000 -2.11600653061463916949e-02
-0.82000 -2.16472254363119891163e-02
-0.81000 -2.21454776391447998030e-02
-0.80000 -2.26550692890234994792e-02
-0.79000 -2.31762530806441068021e-02
-0.78000 -2.37092871377681119194e-02
-0.77000 -2.42544351242104452848e-02
-0.76000 -2.48119663571360234144e-02
-0.75000 -2.53821559227423200478e-02
-0.74000 -2.59652847944065352792e-02
-0.73000 -2.65616399533848517034e-02
-0.72000 -2.71715145121571438613e-02
-0.71000 -2.77952078405163220676e-02
-0.70000 -2.84330256945106683852e-02
-0.69000 -2.90852803483560885811e-02
-0.68000 -2.97522907294426007530e-02
-0.67000 -3.04343825565724056259e-02
-0.66000 -3.11318884815743636418e-02
-0.65000 -3.18451482344556252579e-02
-0.64000 -3.25745087722620202397e-02
-0.63000 -3.33203244318325264572e-02
-0.62000 -3.40829570866528347439e-02
-0.61000 -3.48627763080230773651e-02
-0.60000 -3.56601595307843577398e-02
-0.59000 -3.64754922238555157055e-02
-0.58000 -3.73091680658686336569e-02
-0.57000 -3.81615891262024956032e-02
-0.56000 -3.90331660517525338983e-02
-0.55000 -3.99243182597916884680e-02
-0.54000 -4.08354741373233506851e-02
-0.53000 -4.17670712473472496851e-02
-0.52000 -4.27195565425090018064e-02
-0.51000 -4.36933865866369827713e-02
-0.50000 -4.46890277847214606455e-02
-0.49000 -4.57069566219350867375e-02
-0.48000 -4.67476599123503727684e-02
-0.47000 -4.78116350580667856529e-02
-0.46000 -4.88993903195269752349e-02
-0.45000 -5.00114450978642460788e-02
-0.44000 -5.11483302302086356717e-02
-0.43000 -5.23105882989540332817e-02
-0.42000 -5.34987739560836145225e-02
-0.41000 -5.47134542637469495352e-02
-0.40000 -5.59552090523934148036e-02
-0.39000 -5.72246312978773943869e-02
-0.38000 -5.85223275190894925979e-02
-0.37000 -5.98489181977956558045e-02
-0.36000 -6.12050382225297409655e-02
-0.35000 -6.25913373585477716965e-02
-0.34000 -6.40084807460321036920e-02
-0.33000 -6.54571494289383770671e-02
-0.32000 -6.69380409170955148479e-02
-0.31000 -6.84518697844022222521e-02
-0.30000 -6.99993683062321153665e-02
-0.29000 -7.15812871394385930035e-02
-0.28000 -7.31983960486672080581e-02
-0.27000 -7.48514846830244939824e-02
-0.26000 -7.65413634075233911824e-02
-0.25000 -7.82688641941439999794e-02
-0.24000 -8.00348415777882848943e-02
-0.23000 -8.18401736829123954697e-02
-0.22000 -8.36857633271531620167e-02
-0.21000 -8.55725392088670794299e-02
-0.20000 -8.75014571861510576101e-02
-0.19000 -8.94735016556345019723e-02
-0.18000 -9.14896870401263190287e-02
-0.17000 -9.35510593950689278708e-02
-0.16000 -9.56586981447136858181e-02
-0.15000 -9.78137179599942729880e-02
-0.14000 -1.00017270791240009409e-01
-0.13000 -1.02270548070165862020e-01
-0.12000 -1.04574783097009682553e-01
-0.11000 -1.06931253630260111875e-01
-0.10000 -1.09341284698183174862e-01
-0.09000 -1.11806251653292415549e-01
-0.08000 -1.14327583493077380994e-01
-0.07000 -1.16906766472701081905e-01
-0.06000 -1.19545348038058260598e-01
-0.05000 -1.22244941110572644116e-01
-0.04000 -1.25007228758436866878e-01
-0.03000 -1.27833969292732912981e-01
-0.02000 -1.30727001831042299873e-01
-0.01000 -1.33688252375832677954e-01
0.00000 -1.36719740460174016272e-01
0.01000 -1.39823586419253881319e-01
0.02000 -1.43002019352840181732e-01
0.03000 -1.46257385851377708086e-01
0.04000 -1.49592159566944327143e-01
0.05000 -1.53008951719973501637e-01
0.06000 -1.56510522643651173169e-01
0.07000 -1.60099794480431073529e-01
0.08000 -1.63779865159420751075e-01
0.09000 -1.67554023799758922131e-01
0.10000 -1.71425767703896753114e-01
0.11000 -1.75398821126274168103e-01
0.12000 -1.79477156027807699390e-01
0.13000 -1.83665015055371944053e-01
0.14000 -1.87966937018849533647e-01
0.15000 -1.92387785177121406477e-01
0.16000 -1.96932778689630633151e-01
0.17000 -2.01607527643105993720e-01
0.18000 -2.06418072125166912612e-01
0.19000 -2.11370925889729055491e-01
0.20000 -2.16473125245619013590e-01
0.21000 -2.21732283902408067178e-01
0.22000 -2.27156654629631749032e-01
0.23000 -2.32755198731596529838e-01
0.24000 -2.38537664515266728538e-01
0.25000 -2.44514676140054953990e-01
0.26000 -2.50697834494273352757e-01
0.27000 -2.57099832054423771410e-01
0.28000 -2.63734584064331367692e-01
0.29000 -2.70617378839296207627e-01
0.30000 -2.77765050579085959193e-01
0.31000 -2.85196178793069965440e-01
0.32000 -2.92931319340718865352e-01
0.33000 -3.00993273223779111980e-01
0.34000 -3.09407400702785717606e-01
0.35000 -3.18201990144761748258e-01
0.36000 -3.27408693369287073782e-01
0.37000 -3.37063042322786499128e-01
0.38000 -3.47205065919945876640e-01
0.39000 -3.57880031188944514042e-01
0.40000 -3.69139339929089316250e-01
0.41000 -3.81041621633192773011e-01
0.42000 -3.93654076458937740579e-01
0.43000 -4.07054140056657354219e-01
0.44000 -4.21331567334437273598e-01
0.45000 -4.36591068220658296006e-01
0.46000 -4.52955680557191486812e-01
0.47000 -4.70571142003973930112e-01
0.48000 -4.89611638243124924763e-01
0.49000 -5.10287482226860378276e-01
0.50000 -5.32855558969080989051e-01
0.51000 -5.57633823967446540237e-01
0.52000 -5.85021902584608399778e-01
0.53000 -6.15531155816355646238e-01
0.54000 -6.49829964929933390216e-01
0.55000 -6.88814529875158343408e-01
0.56000 -7.33724645364951300053e-01
0.57000 -7.86343799204313409490e-01
0.58000 -8.49370053802393720765e-01
0.59000 -9.27169343052198891009e-01
0.60000 -1.02751047553456165140e+00
0.61000 -1.16637849773446022894e+00
0.62000 -1.38625958973260043905e+00
0.63000 -1.90327062130357549385e+00
0.64000 -1.75108354320069525834e+00
0.65000 -1.30322619354315216711e+00
0.66000 -1.07735209059707925938e+00
0.67000 -9.21843057501017248967e-01
0.68000 -8.01264865927777236720e-01
0.69000 -7.01537929325643627720e-01
0.70000 -6.15613625356217331053e-01
0.71000 -5.39451319582403998609e-01
0.72000 -4.70515601519641946116e-01
0.73000 -4.07108493019295303306e-01
0.74000 -3.48035186091287640497e-01
0.75000 -2.92421440427993784006e-01
0.76000 -2.39606890363425195645e-01
0.77000 -1.89079279273621780888e-01
0.78000 -1.40432112855122220862e-01
0.79000 -9.33363824163377930887e-02
0.80000 -4.75210930367721690049e-02
0.81000 -2.75949573972104379715e-03
0.82000 4.11408734515930907261e-02
0.83000 8.43455470365571530200e-02
0.84000 1.26998652545028595240e-01
0.85000 1.69227132749265873901e-01
0.86000 2.11144014875575186663e-01
0.87000 2.52850976121550108378e-01
0.88000 2.94440380724214245678e-01
0.89000 3.35996914779009059338e-01
0.90000 3.77598911026036376803e-01
0.91000 4.19319431886495785911e-01
0.92000 4.61227161924869344389e-01
0.93000 5.03387148517353444355e-01
0.94000 5.45861420414510800647e-01
0.95000 5.88709507140484422649e-01
0.96000 6.31988877115296276976e-01
0.97000 6.75755308562525747185e-01
0.98000 7.20063204348543317579e-01
0.99000 7.64965859660346914062e-01
1.00000 8.10515689699776609167e-01
1.01000 8.56764423230518157304e-01
1.02000 9.03763266770591489063e-01
1.03000 9.51563043409689335306e-01
1.04000 1.00021430959685275752e+00
1.05000 1.04976745275069216490e+00
1.06000 1.10027277216142471694e+00
1.07000 1.15178054535772478317e+00
1.08000 1.20434108188275534879e+00
1.09000 1.25800476624734702824e+00
1.10000 1.31282209169145347438e+00
1.11000 1.36884368627706054511e+00
1.12000 1.42612033274780514169e+00
1.13000 1.48470298351508733781e+00
1.14000 1.54464277206110689455e+00
1.15000 1.60599102198085441628e+00
1.16000 1.66879925481343649452e+00
1.17000 1.73311919773507505660e+00
1.18000 1.79900279209957125737e+00
1.19000 1.86650220371582187262e+00
1.20000 1.93566983564588634970e+00
1.21000 2.00655834419185374884e+00
1.22000 2.07922065861686933275e+00
1.23000 2.15371000501727216658e+00
1.24000 2.23007993463173725956e+00
1.25000 2.30838435674261832631e+00
1.26000 2.38867757619776721612e+00
1.27000 2.47101433546124127361e+00
1.28000 2.55544986099171911320e+00
1.29000 2.64203991365088919352e+00
1.30000 2.73084084276290184334e+00
1.31000 2.82190964338193195360e+00
1.32000 2.91530401627892343797e+00
1.33000 3.01108243013116139153e+00
1.34000 3.10930418538885255941e+00
1.35000 3.21002947930059789883e+00
1.36000 3.31331947160265549712e+00
1.37000 3.41923635041332785178e+00
1.38000 3.52784339792114121082e+00
1.39000 3.63920505551108286468e+00
1.40000 3.75338698803436532359e+00
1.41000 3.87045614699127771274e+00
1.42000 3.99048083246119222878e+00
1.43000 4.11353075367647313954e+00
1.44000 4.23967708819595401337e+00
1.45000 4.36899253968728551456e+00
1.46000 4.50155139437468232444e+00
1.47000 4.63742957624859819532e+00
1.48000 4.77670470116637169156e+00
1.49000 4.91945612999784209762e+00
1.50000 5.06576502098760883541e+00
1.51000 5.21571438151656785465e+00
1.52000 5.36938911945030028505e+00
1.53000 5.52687609426164883075e+00
1.54000 5.68826416811031343457e+00
1.55000 5.85364425705444713088e+00
1.56000 6.02310938255891592519e+00
1.57000 6.19675472345298317123e+00
1.58000 6.37467766847735539670e+00
1.59000 6.55697786954748362831e+00
1.60000 6.74375729584722183318e+00
1.61000 6.93512028885483466922e+00
1.62000 7.13117361839218144581e+00
1.63000 7.33202653977790408391e+00
1.64000 7.53779085215663702257e+00
1.65000 7.74858095806880342593e+00
1.66000 7.96451392431923821391e+00
1.67000 8.18570954419781315892e+00
1.68000 8.41229040110115278139e+00
1.69000 8.64438193360143536381e+00
1.70000 8.88211250200598101401e+00
1.71000 9.12561345644969890145e+00
1.72000 9.37501920656145237842e+00
1.73000 9.63046729274484469840e+00
1.74000 9.89209845911371310478e+00
1.75000 1.01600567281227789351e+01
1.76000 1.04344894769342015906e+01
1.77000 1.07155475155613526539e+01
1.78000 1.10033851668317996797e+01
1.79000 1.12981603482122014981e+01
1.80000 1.16000346555387938707e+01
1.81000 1.19091734486979490271e+01
1.82000 1.22257459393023619754e+01
1.83000 1.25499252804093810454e+01
1.84000 1.28818886583291227765e+01
1.85000 1.32218173865710131309e+01
1.86000 1.35698970019786386842e+01
1.87000 1.39263173631038430500e+01
1.88000 1.42912727508722419145e+01
1.89000 1.46649619715935557451e+01
1.90000 1.50475884623713387356e+01
1.91000 1.54393603989680308075e+01
1.92000 1.58404908061824922783e+01
1.93000 1.62511976707985823509e+01
1.94000 1.66717040571646357705e+01
1.95000 1.71022382254651290623e+01
1.96000 1.75430337527472524073e+01
1.97000 1.79943296567665562691e+01
1.98000 1.84563705227173286971e+01
1.99000 1.89294066329148904515e+01
2.00000 1.94136940994986098019e+01
2.01000 1.99094950002259380994e+01
2.02000 2.04170775174295080490e+01
2.03000 2.09367160802109495421e+01
2.04000 2.14686915099468507151e+01
2.05000 2.20132911691839510127e+01
2.06000 2.25708091140025715049e+01
2.07000 2.31415462499290356391e+01
2.08000 2.37258104914797840479e+01
2.09000 2.43239169254217024729e+01
2.10000 2.49361879778353099368e+01
2.11000 2.55629535850693194732e+01
2.12000 2.62045513686772864048e+01
2.13000 2.68613268144289811801e+01
2.14000 2.75336334554915751482e+01
2.15000 2.82218330598775466456e+01
2.16000 2.89262958222589006141e+01
2.17000 2.96474005602492987066e+01
2.18000 3.03855349152581197814e+01
2.19000 3.11410955580231316731e+01
2.20000 3.19144883989305263583e+01
2.21000 3.27061288032339660958e+01
2.22000 3.35164418112867892319e+01
2.23000 3.43458623639039828390e+01
2.24000 3.51948355329736060071e+01
2.25000 3.60638167574397314752e+01
2.26000 3.69532720847822773180e+01
2.27000 3.78636784181215020340e+01
2.28000 3.87955237690783505400e+01
2.29000 3.97493075165247091718e+01
2.30000 4.07255406713606404878e+01
2.31000 4.17247461474591929687e+01
2.32000 4.27474590389222015574e+01
2.33000 4.37942269037942963905e+01
2.34000 4.48656100543854066132e+01
2.35000 4.59621818543557765224e+01
2.36000 4.70845290227209503087e+01
2.37000 4.82332519449379901744e+01
2.38000 4.94089649912377666396e+01
2.39000 5.06122968423721815157e+01
2.40000 5.18438908229490778012e+01
2.41000 5.31044052425313708454e+01
2.42000 5.43945137446815962790e+01
2.43000 5.57149056641365376663e+01
2.44000 5.70662863923017198431e+01
2.45000 5.84493777512592345147e+01
2.46000 5.98649183764873100699e+01
2.47000 6.13136641084947342506e+01
2.48000 6.27963883935774020983e+01
2.49000 6.43138826939097896229e+01
2.50000 6.58669569071886940037e+01
2.51000 6.74564397960517823094e+01
2.52000 6.90831794274983366222e+01
2.53000 7.07480436225457935961e+01
2.54000 7.24519204163597834167e+01
2.55000 7.41957185291022653928e+01
2.56000 7.59803678477468480423e+01
2.57000 7.78068199191172737983e+01
2.58000 7.96760484544101217352e+01
2.59000 8.15890498454693187114e+01
2.60000 8.35468436930863163070e+01
2.61000 8.55504733476059868735e+01
2.62000 8.76010064621246868910e+01
2.63000 8.96995355585740981041e+01
2.64000 9.18471786069908517902e+01
2.65000 9.40450796182790043076e+01
2.66000 9.62944092507797648750e+01
2.67000 9.85963654309700388012e+01
2.68000 1.00952173988618923772e+02
2.69000 1.03363089306738871187e+02
2.70000 1.05830394986676139979e+02
2.71000 1.08355404528693270549e+02
2.72000 1.10939462028404236094e+02
2.73000 1.13583942889431781964e+02
2.74000 1.16290254552664677590e+02
2.75000 1.19059837242501387777e+02
2.76000 1.21894164730476148861e+02
2.77000 1.24794745116672245899e+02
2.78000 1.27763121629336552587e+02
2.79000 1.30800873443119513695e+02
2.80000 1.33909616516374569528e+02
2.81000 1.37091004447960642665e+02
2.82000 1.40346729354002007994e+02
2.83000 1.43678522765070852074e+02
2.84000 1.47088156544267633308e+02
2.85000 1.50577443826686220518e+02
2.86000 1.54148239980762355117e+02
2.87000 1.57802443592084131296e+02
2.88000 1.61543847328299960964e+02
2.89000 inf
2.90000 inf
2.91000 inf
2.92000 inf
2.93000 inf
2.94000 inf
2.95000 inf
2.96000 inf
2.97000 inf
2.98000 inf
2.99000 inf
3.00000 inf
